0    1.03372e-07    8.39494e-08    0.000106383
1    1.22722e-07    8.32788e-08    0.000150039
2    1.42006e-07    8.26142e-08    0.000182144
3    1.61044e-07    8.1953e-08    0.000207331
4    1.80324e-07    8.12974e-08    0.000229928
5    2.0016e-07    8.06494e-08    0.000250348
6    2.19858e-07    8.00077e-08    0.00026842
7    2.40442e-07    7.93654e-08    0.000285548
8    2.61358e-07    7.87309e-08    0.000300588
9    2.81369e-07    7.80994e-08    0.000315119
10    3.01873e-07    7.74732e-08    0.000329451
11    3.2165e-07    7.68526e-08    0.000341402
12    3.42787e-07    7.62362e-08    0.000354034
13    3.6071e-07    7.56244e-08    0.000363541
14    3.82756e-07    7.50217e-08    0.000373537
15    4.04796e-07    7.44222e-08    0.000382312
16    4.26149e-07    7.38286e-08    0.000391371
17    4.48093e-07    7.32376e-08    0.000399619
18    4.66928e-07    7.26525e-08    0.000409064
19    4.89068e-07    7.20694e-08    0.000415535
20    5.10158e-07    7.1493e-08    0.000423857
21    5.3013e-07    7.09198e-08    0.00043153
22    5.49456e-07    7.03523e-08    0.000438844
23    5.69815e-07    6.9789e-08    0.000444934
24    5.89882e-07    6.92294e-08    0.000452301
25    6.12485e-07    6.86746e-08    0.000458758
26    6.30843e-07    6.81243e-08    0.000467074
27    6.50258e-07    6.75791e-08    0.000473968
28    6.71407e-07    6.70378e-08    0.00047939
29    6.92224e-07    6.65005e-08    0.000486912
30    7.14771e-07    6.59684e-08    0.000492067
31    7.35871e-07    6.54425e-08    0.000497033
32    7.61673e-07    6.49208e-08    0.000501197
33    7.87007e-07    6.44034e-08    0.000507656
34    8.07244e-07    6.38886e-08    0.000510422
35    8.27713e-07    6.33787e-08    0.000513536
36    8.48426e-07    6.2873e-08    0.000516328
37    8.66772e-07    6.23713e-08    0.000518052
38    8.88245e-07    6.18729e-08    0.000522728
39    9.1191e-07    6.13802e-08    0.000526573
40    9.33945e-07    6.08893e-08    0.000528316
41    9.53663e-07    6.04025e-08    0.000533076
42    9.76806e-07    5.992e-08    0.000538158
43    1.00092e-06    5.94399e-08    0.000543963
44    1.02389e-06    5.89637e-08    0.00054678
45    1.04516e-06    5.84901e-08    0.000551188
46    1.07092e-06    5.80227e-08    0.000553056
47    1.09532e-06    5.75591e-08    0.000556511
48    1.12018e-06    5.7099e-08    0.000559557
49    1.1426e-06    5.66419e-08    0.000561443
50    1.165e-06    5.61881e-08    0.000563191
51    1.18712e-06    5.57381e-08    0.000565571
52    1.21234e-06    5.52913e-08    0.000566835
53    1.23569e-06    5.48493e-08    0.000570369
54    1.25833e-06    5.44107e-08    0.000573712
55    1.27879e-06    5.39755e-08    0.000574449
56    1.30081e-06    5.35434e-08    0.000577457
57    1.32398e-06    5.31136e-08    0.000580878
58    1.34595e-06    5.26897e-08    0.000584683
59    1.36773e-06    5.22691e-08    0.000585319
60    1.38769e-06    5.1852e-08    0.000587106
61    1.40899e-06    5.14362e-08    0.000587795
62    1.42633e-06    5.10249e-08    0.000586177
63    1.45097e-06    5.06181e-08    0.000587795
64    1.47051e-06    5.0212e-08    0.000588185
65    1.49332e-06    4.9811e-08    0.000589086
66    1.51757e-06    4.94142e-08    0.000591004
67    1.54074e-06    4.90196e-08    0.000594636
68    1.56478e-06    4.86281e-08    0.000596682
69    1.58866e-06    4.82396e-08    0.000599826
70    1.6126e-06    4.78565e-08    0.000602322
71    1.6395e-06    4.7474e-08    0.000603675
72    1.66029e-06    4.70939e-08    0.000606291
73    1.68464e-06    4.67177e-08    0.000607623
74    1.7112e-06    4.63431e-08    0.000608661
75    1.73469e-06    4.59727e-08    0.000609239
76    1.75865e-06    4.56039e-08    0.00060984
77    1.78361e-06    4.52388e-08    0.000611358
78    1.81118e-06    4.48774e-08    0.000611688
79    1.83586e-06    4.45176e-08    0.000612464
80    1.86257e-06    4.41612e-08    0.000615495
81    1.88333e-06    4.38074e-08    0.000616755
82    1.91195e-06    4.34568e-08    0.000617994
83    1.93272e-06    4.31079e-08    0.000619755
84    1.96153e-06    4.27626e-08    0.000621043
85    1.98342e-06    4.24196e-08    0.000621752
86    2.00676e-06    4.20795e-08    0.000623587
87    2.03497e-06    4.17434e-08    0.000626436
88    2.05471e-06    4.14101e-08    0.000627782
89    2.07821e-06    4.10795e-08    0.000630547
90    2.10564e-06    4.07511e-08    0.000631328
91    2.12823e-06    4.04257e-08    0.000632908
92    2.15251e-06    4.01037e-08    0.000630266
93    2.17548e-06    3.97841e-08    0.000629233
94    2.19527e-06    3.94653e-08    0.000626958
95    2.21833e-06    3.91498e-08    0.000628408
96    2.23851e-06    3.88361e-08    0.000629748
97    2.26334e-06    3.85255e-08    0.000628911
98    2.28655e-06    3.82171e-08    0.000630978
99    2.31162e-06    3.79129e-08    0.000632597
