0    1.65588e-06    0    0.000106641
1    1.66574e-06    0    0.000149842
2    1.66853e-06    0    0.00018159
3    1.67081e-06    0    0.000208842
4    1.67122e-06    0    0.000231196
5    1.67599e-06    0    0.000252328
6    1.67828e-06    0    0.000273494
7    1.68471e-06    0    0.000289673
8    1.68958e-06    0    0.000305856
9    1.70092e-06    0    0.000320949
10    1.70752e-06    0    0.000336276
11    1.71111e-06    0    0.000350399
12    1.71573e-06    0    0.000362239
13    1.71741e-06    0    0.000373391
14    1.71942e-06    0    0.000384592
15    1.71717e-06    0    0.000397446
16    1.71785e-06    0    0.000408685
17    1.71998e-06    0    0.00041967
18    1.72459e-06    0    0.00042921
19    1.72783e-06    0    0.0004393
