0    1.56616e-06    0    0
1    1.56616e-06    0    0
2    1.56616e-06    0    0
3    1.56616e-06    0    0
4    1.56616e-06    0    0
5    1.56616e-06    0    0
6    1.56616e-06    0    0
7    1.56616e-06    0    0
8    1.56616e-06    0    0
9    1.56616e-06    0    0
10    1.56616e-06    0    0
11    1.56616e-06    0    0
12    1.56616e-06    0    0
13    1.56616e-06    0    0
14    1.56616e-06    0    0
15    1.56616e-06    0    0
16    1.56616e-06    0    0
17    1.56616e-06    0    0
18    1.56616e-06    0    0
19    1.56616e-06    0    0
20    1.56616e-06    0    0
21    1.56616e-06    0    0
22    1.56616e-06    0    0
23    1.56616e-06    0    0
24    1.56616e-06    0    0
25    1.56616e-06    0    0
26    1.56616e-06    0    0
27    1.56616e-06    0    0
28    1.56616e-06    0    0
29    1.56616e-06    0    0
30    1.56616e-06    0    0
31    1.56616e-06    0    0
32    1.56616e-06    0    0
33    1.56616e-06    0    0
34    1.56616e-06    0    0
35    1.56616e-06    0    0
36    1.56616e-06    0    0
37    1.56616e-06    0    0
38    1.56616e-06    0    0
39    1.56616e-06    0    0
40    1.56616e-06    0    0
41    1.56616e-06    0    0
42    1.56616e-06    0    0
43    1.56616e-06    0    0
44    1.56616e-06    0    0
45    1.56616e-06    0    0
46    1.56616e-06    0    0
47    1.56616e-06    0    0
48    1.56616e-06    0    0
49    1.56616e-06    0    0
50    1.56616e-06    0    0
51    1.56616e-06    0    0
52    1.56616e-06    0    0
53    1.56616e-06    0    0
54    1.56616e-06    0    0
55    1.56616e-06    0    0
56    1.56616e-06    0    0
57    1.56616e-06    0    0
58    1.56616e-06    0    0
59    1.56616e-06    0    0
60    1.56616e-06    0    0
61    1.56616e-06    0    0
62    1.56616e-06    0    0
63    1.56616e-06    0    0
64    1.56616e-06    0    0
65    1.56616e-06    0    0
66    1.56616e-06    0    0
67    1.56616e-06    0    0
68    1.56616e-06    0    0
69    1.56616e-06    0    0
70    1.56616e-06    0    0
71    1.56616e-06    0    0
72    1.56616e-06    0    0
73    1.56616e-06    0    0
74    1.56616e-06    0    0
75    1.56616e-06    0    0
76    1.56616e-06    0    0
77    1.56616e-06    0    0
78    1.56616e-06    0    0
79    1.56616e-06    0    0
80    1.56616e-06    0    0
81    1.56616e-06    0    0
82    1.56616e-06    0    0
83    1.56616e-06    0    0
84    1.56616e-06    0    0
85    1.56616e-06    0    0
86    1.56616e-06    0    0
87    1.56616e-06    0    0
88    1.56616e-06    0    0
89    1.56616e-06    0    0
90    1.56616e-06    0    0
91    1.56616e-06    0    0
92    1.56616e-06    0    0
93    1.56616e-06    0    0
94    1.56616e-06    0    0
95    1.56616e-06    0    0
96    1.56616e-06    0    0
97    1.56616e-06    0    0
98    1.56616e-06    0    0
99    1.56616e-06    0    0
100    1.56616e-06    0    0
101    1.56616e-06    0    0
102    1.56616e-06    0    0
103    1.56616e-06    0    0
104    1.56616e-06    0    0
105    1.56616e-06    0    0
106    1.56616e-06    0    0
107    1.56616e-06    0    0
108    1.56616e-06    0    0
109    1.56616e-06    0    0
110    1.56616e-06    0    0
111    1.56616e-06    0    0
112    1.56616e-06    0    0
113    1.56616e-06    0    0
114    1.56616e-06    0    0
115    1.56616e-06    0    0
116    1.56616e-06    0    0
117    1.56616e-06    0    0
118    1.56616e-06    0    0
119    1.56616e-06    0    0
120    1.56616e-06    0    0
121    1.56616e-06    0    0
122    1.56616e-06    0    0
123    1.56616e-06    0    0
124    1.56616e-06    0    0
125    1.56616e-06    0    0
126    1.56616e-06    0    0
127    1.56616e-06    0    0
128    1.56616e-06    0    0
129    1.56616e-06    0    0
130    1.56616e-06    0    0
131    1.56616e-06    0    0
132    1.56616e-06    0    0
133    1.56616e-06    0    0
134    1.56616e-06    0    0
135    1.56616e-06    0    0
136    1.56616e-06    0    0
137    1.56616e-06    0    0
138    1.56616e-06    0    0
139    1.56616e-06    0    0
140    1.56616e-06    0    0
141    1.56616e-06    0    0
142    1.56616e-06    0    0
143    1.56616e-06    0    0
144    1.56616e-06    0    0
145    1.56616e-06    0    0
146    1.56616e-06    0    0
147    1.56616e-06    0    0
148    1.56616e-06    0    0
149    1.56616e-06    0    0
150    1.56616e-06    0    0
151    1.56616e-06    0    0
152    1.56616e-06    0    0
153    1.56616e-06    0    0
154    1.56616e-06    0    0
155    1.56616e-06    0    0
156    1.56616e-06    0    0
157    1.56616e-06    0    0
158    1.56616e-06    0    0
159    1.56616e-06    0    0
160    1.56616e-06    0    0
161    1.56616e-06    0    0
162    1.56616e-06    0    0
163    1.56616e-06    0    0
164    1.56616e-06    0    0
165    1.56616e-06    0    0
166    1.56616e-06    0    0
167    1.56616e-06    0    0
168    1.56616e-06    0    0
169    1.56616e-06    0    0
170    1.56616e-06    0    0
171    1.56616e-06    0    0
172    1.56616e-06    0    0
173    1.56616e-06    0    0
174    1.56616e-06    0    0
175    1.56616e-06    0    0
176    1.56616e-06    0    0
177    1.56616e-06    0    0
178    1.56616e-06    0    0
179    1.56616e-06    0    0
180    1.56616e-06    0    0
181    1.56616e-06    0    0
182    1.56616e-06    0    0
183    1.56616e-06    0    0
184    1.56616e-06    0    0
185    1.56616e-06    0    0
186    1.56616e-06    0    0
187    1.56616e-06    0    0
188    1.56616e-06    0    0
189    1.56616e-06    0    0
190    1.56616e-06    0    0
191    1.56616e-06    0    0
192    1.56616e-06    0    0
193    1.56616e-06    0    0
194    1.56616e-06    0    0
195    1.56616e-06    0    0
196    1.56616e-06    0    0
197    1.56616e-06    0    0
198    1.56616e-06    0    0
199    1.56616e-06    0    0
200    1.56616e-06    0    0
201    1.56616e-06    0    0
202    1.56616e-06    0    0
203    1.56616e-06    0    0
204    1.56616e-06    0    0
205    1.56616e-06    0    0
206    1.56616e-06    0    0
207    1.56616e-06    0    0
208    1.56616e-06    0    0
209    1.56616e-06    0    0
210    1.56616e-06    0    0
211    1.56616e-06    0    0
212    1.56616e-06    0    0
213    1.56616e-06    0    0
214    1.56616e-06    0    0
215    1.56616e-06    0    0
216    1.56616e-06    0    0
217    1.56616e-06    0    0
218    1.56616e-06    0    0
219    1.56616e-06    0    0
220    1.56616e-06    0    0
221    1.56616e-06    0    0
222    1.56616e-06    0    0
223    1.56616e-06    0    0
224    1.56616e-06    0    0
225    1.56616e-06    0    0
226    1.56616e-06    0    0
227    1.56616e-06    0    0
228    1.56616e-06    0    0
229    1.56616e-06    0    0
230    1.56616e-06    0    0
231    1.56616e-06    0    0
232    1.56616e-06    0    0
233    1.56616e-06    0    0
234    1.56616e-06    0    0
235    1.56616e-06    0    0
236    1.56616e-06    0    0
237    1.56616e-06    0    0
238    1.56616e-06    0    0
239    1.56616e-06    0    0
240    1.56616e-06    0    0
241    1.56616e-06    0    0
242    1.56616e-06    0    0
243    1.56616e-06    0    0
244    1.56616e-06    0    0
245    1.56616e-06    0    0
246    1.56616e-06    0    0
247    1.56616e-06    0    0
248    1.56616e-06    0    0
249    1.56616e-06    0    0
250    1.56616e-06    0    0
251    1.56616e-06    0    0
252    1.56616e-06    0    0
253    1.56616e-06    0    0
254    1.56616e-06    0    0
255    1.56616e-06    0    0
256    1.56616e-06    0    0
257    1.56616e-06    0    0
258    1.56616e-06    0    0
259    1.56616e-06    0    0
260    1.56616e-06    0    0
261    1.56616e-06    0    0
262    1.56616e-06    0    0
263    1.56616e-06    0    0
264    1.56616e-06    0    0
265    1.56616e-06    0    0
266    1.56616e-06    0    0
267    1.56616e-06    0    0
268    1.56616e-06    0    0
269    1.56616e-06    0    0
270    1.56616e-06    0    0
271    1.56616e-06    0    0
272    1.56616e-06    0    0
273    1.56616e-06    0    0
274    1.56616e-06    0    0
275    1.56616e-06    0    0
276    1.56616e-06    0    0
277    1.56616e-06    0    0
278    1.56616e-06    0    0
279    1.56616e-06    0    0
280    1.56616e-06    0    0
281    1.56616e-06    0    0
282    1.56616e-06    0    0
283    1.56616e-06    0    0
284    1.56616e-06    0    0
285    1.56616e-06    0    0
286    1.56616e-06    0    0
287    1.56616e-06    0    0
288    1.56616e-06    0    0
289    1.56616e-06    0    0
290    1.56616e-06    0    0
291    1.56616e-06    0    0
292    1.56616e-06    0    0
293    1.56616e-06    0    0
294    1.56616e-06    0    0
295    1.56616e-06    0    0
296    1.56616e-06    0    0
297    1.56616e-06    0    0
298    1.56616e-06    0    0
299    1.56616e-06    0    0
300    1.56616e-06    0    0
301    1.56616e-06    0    0
302    1.56616e-06    0    0
303    1.56616e-06    0    0
304    1.56616e-06    0    0
305    1.56616e-06    0    0
306    1.56616e-06    0    0
307    1.56616e-06    0    0
308    1.56616e-06    0    0
309    1.56616e-06    0    0
310    1.56616e-06    0    0
311    1.56616e-06    0    0
312    1.56616e-06    0    0
313    1.56616e-06    0    0
314    1.56616e-06    0    0
315    1.56616e-06    0    0
316    1.56616e-06    0    0
317    1.56616e-06    0    0
318    1.56616e-06    0    0
319    1.56616e-06    0    0
320    1.56616e-06    0    0
321    1.56616e-06    0    0
322    1.56616e-06    0    0
323    1.56616e-06    0    0
324    1.56616e-06    0    0
325    1.56616e-06    0    0
326    1.56616e-06    0    0
327    1.56616e-06    0    0
328    1.56616e-06    0    0
329    1.56616e-06    0    0
330    1.56616e-06    0    0
331    1.56616e-06    0    0
332    1.56616e-06    0    0
333    1.56616e-06    0    0
334    1.56616e-06    0    0
335    1.56616e-06    0    0
336    1.56616e-06    0    0
337    1.56616e-06    0    0
338    1.56616e-06    0    0
339    1.56616e-06    0    0
340    1.56616e-06    0    0
341    1.56616e-06    0    0
342    1.56616e-06    0    0
343    1.56616e-06    0    0
344    1.56616e-06    0    0
345    1.56616e-06    0    0
346    1.56616e-06    0    0
347    1.56616e-06    0    0
348    1.56616e-06    0    0
349    1.56616e-06    0    0
350    1.56616e-06    0    0
351    1.56616e-06    0    0
352    1.56616e-06    0    0
353    1.56616e-06    0    0
354    1.56616e-06    0    0
355    1.56616e-06    0    0
356    1.56616e-06    0    0
357    1.56616e-06    0    0
358    1.56616e-06    0    0
359    1.56616e-06    0    0
360    1.56616e-06    0    0
361    1.56616e-06    0    0
362    1.56616e-06    0    0
363    1.56616e-06    0    0
364    1.56616e-06    0    0
365    1.56616e-06    0    0
366    1.56616e-06    0    0
367    1.56616e-06    0    0
368    1.56616e-06    0    0
369    1.56616e-06    0    0
370    1.56616e-06    0    0
371    1.56616e-06    0    0
372    1.56616e-06    0    0
373    1.56616e-06    0    0
374    1.56616e-06    0    0
375    1.56616e-06    0    0
376    1.56616e-06    0    0
377    1.56616e-06    0    0
378    1.56616e-06    0    0
379    1.56616e-06    0    0
380    1.56616e-06    0    0
381    1.56616e-06    0    0
382    1.56616e-06    0    0
383    1.56616e-06    0    0
384    1.56616e-06    0    0
385    1.56616e-06    0    0
386    1.56616e-06    0    0
387    1.56616e-06    0    0
388    1.56616e-06    0    0
389    1.56616e-06    0    0
390    1.56616e-06    0    0
391    1.56616e-06    0    0
392    1.56616e-06    0    0
393    1.56616e-06    0    0
394    1.56616e-06    0    0
395    1.56616e-06    0    0
396    1.56616e-06    0    0
397    1.56616e-06    0    0
398    1.56616e-06    0    0
399    1.56616e-06    0    0
400    1.56616e-06    0    0
401    1.56616e-06    0    0
402    1.56616e-06    0    0
403    1.56616e-06    0    0
404    1.56616e-06    0    0
405    1.56616e-06    0    0
406    1.56616e-06    0    0
407    1.56616e-06    0    0
408    1.56616e-06    0    0
409    1.56616e-06    0    0
410    1.56616e-06    0    0
411    1.56616e-06    0    0
412    1.56616e-06    0    0
413    1.56616e-06    0    0
414    1.56616e-06    0    0
415    1.56616e-06    0    0
416    1.56616e-06    0    0
417    1.56616e-06    0    0
418    1.56616e-06    0    0
419    1.56616e-06    0    0
420    1.56616e-06    0    0
421    1.56616e-06    0    0
422    1.56616e-06    0    0
423    1.56616e-06    0    0
424    1.56616e-06    0    0
425    1.56616e-06    0    0
426    1.56616e-06    0    0
427    1.56616e-06    0    0
428    1.56616e-06    0    0
429    1.56616e-06    0    0
430    1.56616e-06    0    0
431    1.56616e-06    0    0
432    1.56616e-06    0    0
433    1.56616e-06    0    0
434    1.56616e-06    0    0
435    1.56616e-06    0    0
436    1.56616e-06    0    0
437    1.56616e-06    0    0
438    1.56616e-06    0    0
439    1.56616e-06    0    0
440    1.56616e-06    0    0
441    1.56616e-06    0    0
442    1.56616e-06    0    0
443    1.56616e-06    0    0
444    1.56616e-06    0    0
445    1.56616e-06    0    0
446    1.56616e-06    0    0
447    1.56616e-06    0    0
448    1.56616e-06    0    0
449    1.56616e-06    0    0
450    1.56616e-06    0    0
451    1.56616e-06    0    0
452    1.56616e-06    0    0
453    1.56616e-06    0    0
454    1.56616e-06    0    0
455    1.56616e-06    0    0
456    1.56616e-06    0    0
457    1.56616e-06    0    0
458    1.56616e-06    0    0
459    1.56616e-06    0    0
460    1.56616e-06    0    0
461    1.56616e-06    0    0
462    1.56616e-06    0    0
463    1.56616e-06    0    0
464    1.56616e-06    0    0
465    1.56616e-06    0    0
466    1.56616e-06    0    0
467    1.56616e-06    0    0
468    1.56616e-06    0    0
469    1.56616e-06    0    0
470    1.56616e-06    0    0
471    1.56616e-06    0    0
472    1.56616e-06    0    0
473    1.56616e-06    0    0
474    1.56616e-06    0    0
475    1.56616e-06    0    0
476    1.56616e-06    0    0
477    1.56616e-06    0    0
478    1.56616e-06    0    0
479    1.56616e-06    0    0
480    1.56616e-06    0    0
481    1.56616e-06    0    0
482    1.56616e-06    0    0
483    1.56616e-06    0    0
484    1.56616e-06    0    0
485    1.56616e-06    0    0
486    1.56616e-06    0    0
487    1.56616e-06    0    0
488    1.56616e-06    0    0
489    1.56616e-06    0    0
490    1.56616e-06    0    0
491    1.56616e-06    0    0
492    1.56616e-06    0    0
493    1.56616e-06    0    0
494    1.56616e-06    0    0
495    1.56616e-06    0    0
496    1.56616e-06    0    0
497    1.56616e-06    0    0
498    1.56616e-06    0    0
499    1.56616e-06    0    0
500    1.56616e-06    0    0
501    1.56616e-06    0    0
502    1.56616e-06    0    0
503    1.56616e-06    0    0
504    1.56616e-06    0    0
505    1.56616e-06    0    0
506    1.56616e-06    0    0
507    1.56616e-06    0    0
508    1.56616e-06    0    0
509    1.56616e-06    0    0
510    1.56616e-06    0    0
511    1.56616e-06    0    0
512    1.56616e-06    0    0
513    1.56616e-06    0    0
514    1.56616e-06    0    0
515    1.56616e-06    0    0
516    1.56616e-06    0    0
517    1.56616e-06    0    0
518    1.56616e-06    0    0
519    1.56616e-06    0    0
520    1.56616e-06    0    0
521    1.56616e-06    0    0
522    1.56616e-06    0    0
523    1.56616e-06    0    0
524    1.56616e-06    0    0
525    1.56616e-06    0    0
526    1.56616e-06    0    0
527    1.56616e-06    0    0
528    1.56616e-06    0    0
529    1.56616e-06    0    0
530    1.56616e-06    0    0
531    1.56616e-06    0    0
532    1.56616e-06    0    0
533    1.56616e-06    0    0
534    1.56616e-06    0    0
535    1.56616e-06    0    0
536    1.56616e-06    0    0
537    1.56616e-06    0    0
538    1.56616e-06    0    0
539    1.56616e-06    0    0
540    1.56616e-06    0    0
541    1.56616e-06    0    0
542    1.56616e-06    0    0
543    1.56616e-06    0    0
544    1.56616e-06    0    0
545    1.56616e-06    0    0
546    1.56616e-06    0    0
547    1.56616e-06    0    0
548    1.56616e-06    0    0
549    1.56616e-06    0    0
550    1.56616e-06    0    0
551    1.56616e-06    0    0
552    1.56616e-06    0    0
553    1.56616e-06    0    0
554    1.56616e-06    0    0
555    1.56616e-06    0    0
556    1.56616e-06    0    0
557    1.56616e-06    0    0
558    1.56616e-06    0    0
559    1.56616e-06    0    0
560    1.56616e-06    0    0
561    1.56616e-06    0    0
562    1.56616e-06    0    0
563    1.56616e-06    0    0
564    1.56616e-06    0    0
565    1.56616e-06    0    0
566    1.56616e-06    0    0
567    1.56616e-06    0    0
568    1.56616e-06    0    0
569    1.56616e-06    0    0
570    1.56616e-06    0    0
571    1.56616e-06    0    0
572    1.56616e-06    0    0
573    1.56616e-06    0    0
574    1.56616e-06    0    0
575    1.56616e-06    0    0
576    1.56616e-06    0    0
577    1.56616e-06    0    0
578    1.56616e-06    0    0
579    1.56616e-06    0    0
580    1.56616e-06    0    0
581    1.56616e-06    0    0
582    1.56616e-06    0    0
583    1.56616e-06    0    0
584    1.56616e-06    0    0
585    1.56616e-06    0    0
586    1.56616e-06    0    0
587    1.56616e-06    0    0
588    1.56616e-06    0    0
589    1.56616e-06    0    0
590    1.56616e-06    0    0
591    1.56616e-06    0    0
592    1.56616e-06    0    0
593    1.56616e-06    0    0
594    1.56616e-06    0    0
595    1.56616e-06    0    0
596    1.56616e-06    0    0
597    1.56616e-06    0    0
598    1.56616e-06    0    0
599    1.56616e-06    0    0
600    1.56616e-06    0    0
601    1.56616e-06    0    0
602    1.56616e-06    0    0
603    1.56616e-06    0    0
604    1.56616e-06    0    0
605    1.56616e-06    0    0
606    1.56616e-06    0    0
607    1.56616e-06    0    0
608    1.56616e-06    0    0
609    1.56616e-06    0    0
610    1.56616e-06    0    0
611    1.56616e-06    0    0
612    1.56616e-06    0    0
613    1.56616e-06    0    0
614    1.56616e-06    0    0
615    1.56616e-06    0    0
616    1.56616e-06    0    0
617    1.56616e-06    0    0
618    1.56616e-06    0    0
619    1.56616e-06    0    0
620    1.56616e-06    0    0
621    1.56616e-06    0    0
622    1.56616e-06    0    0
623    1.56616e-06    0    0
624    1.56616e-06    0    0
625    1.56616e-06    0    0
626    1.56616e-06    0    0
627    1.56616e-06    0    0
628    1.56616e-06    0    0
629    1.56616e-06    0    0
630    1.56616e-06    0    0
631    1.56616e-06    0    0
632    1.56616e-06    0    0
633    1.56616e-06    0    0
634    1.56616e-06    0    0
635    1.56616e-06    0    0
636    1.56616e-06    0    0
637    1.56616e-06    0    0
638    1.56616e-06    0    0
639    1.56616e-06    0    0
640    1.56616e-06    0    0
641    1.56616e-06    0    0
642    1.56616e-06    0    0
643    1.56616e-06    0    0
644    1.56616e-06    0    0
645    1.56616e-06    0    0
646    1.56616e-06    0    0
647    1.56616e-06    0    0
648    1.56616e-06    0    0
649    1.56616e-06    0    0
650    1.56616e-06    0    0
651    1.56616e-06    0    0
652    1.56616e-06    0    0
653    1.56616e-06    0    0
654    1.56616e-06    0    0
655    1.56616e-06    0    0
656    1.56616e-06    0    0
657    1.56616e-06    0    0
658    1.56616e-06    0    0
659    1.56616e-06    0    0
660    1.56616e-06    0    0
661    1.56616e-06    0    0
662    1.56616e-06    0    0
663    1.56616e-06    0    0
664    1.56616e-06    0    0
665    1.56616e-06    0    0
666    1.56616e-06    0    0
667    1.56616e-06    0    0
668    1.56616e-06    0    0
669    1.56616e-06    0    0
670    1.56616e-06    0    0
671    1.56616e-06    0    0
672    1.56616e-06    0    0
673    1.56616e-06    0    0
674    1.56616e-06    0    0
675    1.56616e-06    0    0
676    1.56616e-06    0    0
677    1.56616e-06    0    0
678    1.56616e-06    0    0
679    1.56616e-06    0    0
680    1.56616e-06    0    0
681    1.56616e-06    0    0
682    1.56616e-06    0    0
683    1.56616e-06    0    0
684    1.56616e-06    0    0
685    1.56616e-06    0    0
686    1.56616e-06    0    0
687    1.56616e-06    0    0
688    1.56616e-06    0    0
689    1.56616e-06    0    0
690    1.56616e-06    0    0
691    1.56616e-06    0    0
692    1.56616e-06    0    0
693    1.56616e-06    0    0
694    1.56616e-06    0    0
695    1.56616e-06    0    0
696    1.56616e-06    0    0
697    1.56616e-06    0    0
698    1.56616e-06    0    0
699    1.56616e-06    0    0
700    1.56616e-06    0    0
701    1.56616e-06    0    0
702    1.56616e-06    0    0
703    1.56616e-06    0    0
704    1.56616e-06    0    0
705    1.56616e-06    0    0
706    1.56616e-06    0    0
707    1.56616e-06    0    0
708    1.56616e-06    0    0
709    1.56616e-06    0    0
710    1.56616e-06    0    0
711    1.56616e-06    0    0
712    1.56616e-06    0    0
713    1.56616e-06    0    0
714    1.56616e-06    0    0
715    1.56616e-06    0    0
716    1.56616e-06    0    0
717    1.56616e-06    0    0
718    1.56616e-06    0    0
719    1.56616e-06    0    0
720    1.56616e-06    0    0
721    1.56616e-06    0    0
722    1.56616e-06    0    0
723    1.56616e-06    0    0
724    1.56616e-06    0    0
725    1.56616e-06    0    0
726    1.56616e-06    0    0
727    1.56616e-06    0    0
728    1.56616e-06    0    0
729    1.56616e-06    0    0
730    1.56616e-06    0    0
731    1.56616e-06    0    0
732    1.56616e-06    0    0
733    1.56616e-06    0    0
734    1.56616e-06    0    0
735    1.56616e-06    0    0
736    1.56616e-06    0    0
737    1.56616e-06    0    0
738    1.56616e-06    0    0
739    1.56616e-06    0    0
740    1.56616e-06    0    0
741    1.56616e-06    0    0
742    1.56616e-06    0    0
743    1.56616e-06    0    0
744    1.56616e-06    0    0
745    1.56616e-06    0    0
746    1.56616e-06    0    0
747    1.56616e-06    0    0
748    1.56616e-06    0    0
749    1.56616e-06    0    0
750    1.56616e-06    0    0
751    1.56616e-06    0    0
752    1.56616e-06    0    0
753    1.56616e-06    0    0
754    1.56616e-06    0    0
755    1.56616e-06    0    0
756    1.56616e-06    0    0
757    1.56616e-06    0    0
758    1.56616e-06    0    0
759    1.56616e-06    0    0
760    1.56616e-06    0    0
761    1.56616e-06    0    0
762    1.56616e-06    0    0
763    1.56616e-06    0    0
764    1.56616e-06    0    0
765    1.56616e-06    0    0
766    1.56616e-06    0    0
767    1.56616e-06    0    0
768    1.56616e-06    0    0
769    1.56616e-06    0    0
770    1.56616e-06    0    0
771    1.56616e-06    0    0
772    1.56616e-06    0    0
773    1.56616e-06    0    0
774    1.56616e-06    0    0
775    1.56616e-06    0    0
776    1.56616e-06    0    0
777    1.56616e-06    0    0
778    1.56616e-06    0    0
779    1.56616e-06    0    0
780    1.56616e-06    0    0
781    1.56616e-06    0    0
782    1.56616e-06    0    0
783    1.56616e-06    0    0
784    1.56616e-06    0    0
785    1.56616e-06    0    0
786    1.56616e-06    0    0
787    1.56616e-06    0    0
788    1.56616e-06    0    0
789    1.56616e-06    0    0
790    1.56616e-06    0    0
791    1.56616e-06    0    0
792    1.56616e-06    0    0
793    1.56616e-06    0    0
794    1.56616e-06    0    0
795    1.56616e-06    0    0
796    1.56616e-06    0    0
797    1.56616e-06    0    0
798    1.56616e-06    0    0
799    1.56616e-06    0    0
800    1.56616e-06    0    0
801    1.56616e-06    0    0
802    1.56616e-06    0    0
803    1.56616e-06    0    0
804    1.56616e-06    0    0
805    1.56616e-06    0    0
806    1.56616e-06    0    0
807    1.56616e-06    0    0
808    1.56616e-06    0    0
809    1.56616e-06    0    0
810    1.56616e-06    0    0
811    1.56616e-06    0    0
812    1.56616e-06    0    0
813    1.56616e-06    0    0
814    1.56616e-06    0    0
815    1.56616e-06    0    0
816    1.56616e-06    0    0
817    1.56616e-06    0    0
818    1.56616e-06    0    0
819    1.56616e-06    0    0
820    1.56616e-06    0    0
821    1.56616e-06    0    0
822    1.56616e-06    0    0
823    1.56616e-06    0    0
824    1.56616e-06    0    0
825    1.56616e-06    0    0
826    1.56616e-06    0    0
827    1.56616e-06    0    0
828    1.56616e-06    0    0
829    1.56616e-06    0    0
830    1.56616e-06    0    0
831    1.56616e-06    0    0
832    1.56616e-06    0    0
833    1.56616e-06    0    0
834    1.56616e-06    0    0
835    1.56616e-06    0    0
836    1.56616e-06    0    0
837    1.56616e-06    0    0
838    1.56616e-06    0    0
839    1.56616e-06    0    0
840    1.56616e-06    0    0
841    1.56616e-06    0    0
842    1.56616e-06    0    0
843    1.56616e-06    0    0
844    1.56616e-06    0    0
845    1.56616e-06    0    0
846    1.56616e-06    0    0
847    1.56616e-06    0    0
848    1.56616e-06    0    0
849    1.56616e-06    0    0
850    1.56616e-06    0    0
851    1.56616e-06    0    0
852    1.56616e-06    0    0
853    1.56616e-06    0    0
854    1.56616e-06    0    0
855    1.56616e-06    0    0
856    1.56616e-06    0    0
857    1.56616e-06    0    0
858    1.56616e-06    0    0
859    1.56616e-06    0    0
860    1.56616e-06    0    0
861    1.56616e-06    0    0
862    1.56616e-06    0    0
863    1.56616e-06    0    0
864    1.56616e-06    0    0
865    1.56616e-06    0    0
866    1.56616e-06    0    0
867    1.56616e-06    0    0
868    1.56616e-06    0    0
869    1.56616e-06    0    0
870    1.56616e-06    0    0
871    1.56616e-06    0    0
872    1.56616e-06    0    0
873    1.56616e-06    0    0
874    1.56616e-06    0    0
875    1.56616e-06    0    0
876    1.56616e-06    0    0
877    1.56616e-06    0    0
878    1.56616e-06    0    0
879    1.56616e-06    0    0
880    1.56616e-06    0    0
881    1.56616e-06    0    0
882    1.56616e-06    0    0
883    1.56616e-06    0    0
884    1.56616e-06    0    0
885    1.56616e-06    0    0
886    1.56616e-06    0    0
887    1.56616e-06    0    0
888    1.56616e-06    0    0
889    1.56616e-06    0    0
890    1.56616e-06    0    0
891    1.56616e-06    0    0
892    1.56616e-06    0    0
893    1.56616e-06    0    0
894    1.56616e-06    0    0
895    1.56616e-06    0    0
896    1.56616e-06    0    0
897    1.56616e-06    0    0
898    1.56616e-06    0    0
899    1.56616e-06    0    0
900    1.56616e-06    0    0
901    1.56616e-06    0    0
902    1.56616e-06    0    0
903    1.56616e-06    0    0
904    1.56616e-06    0    0
905    1.56616e-06    0    0
906    1.56616e-06    0    0
907    1.56616e-06    0    0
908    1.56616e-06    0    0
909    1.56616e-06    0    0
910    1.56616e-06    0    0
911    1.56616e-06    0    0
912    1.56616e-06    0    0
913    1.56616e-06    0    0
914    1.56616e-06    0    0
915    1.56616e-06    0    0
916    1.56616e-06    0    0
917    1.56616e-06    0    0
918    1.56616e-06    0    0
919    1.56616e-06    0    0
920    1.56616e-06    0    0
921    1.56616e-06    0    0
922    1.56616e-06    0    0
923    1.56616e-06    0    0
924    1.56616e-06    0    0
925    1.56616e-06    0    0
926    1.56616e-06    0    0
927    1.56616e-06    0    0
928    1.56616e-06    0    0
929    1.56616e-06    0    0
930    1.56616e-06    0    0
931    1.56616e-06    0    0
932    1.56616e-06    0    0
933    1.56616e-06    0    0
