   0   9.969052e-08   9.940216e-08   2.355835e-07
   5   9.974021e-08   9.941355e-08   6.636876e-07
  10   9.984115e-08   9.937370e-08   3.826331e-07
  15   9.999032e-08   9.931740e-08   9.856220e-08
  20   1.001905e-07   9.924622e-08   3.772458e-07
  25   1.004405e-07   9.910432e-08   6.726617e-07
  30   1.007380e-07   9.891730e-08   2.255920e-07
  35   1.010867e-07   9.873333e-08   1.144808e-07
  40   1.014817e-07   9.851757e-08   5.073803e-07
  45   1.019275e-07   9.827027e-08   6.029076e-07
