           0.05  4767           0.05  4688
           0.15  4553           0.15  4457
           0.25  4522           0.25  4236
           0.35  4285           0.35  4062
           0.45  3890           0.45  3873
           0.55  3795           0.55  3774
           0.65  3679           0.65  3626
           0.75  3419           0.75  3417
           0.85  3227           0.85  3245
           0.95  3110           0.95  3177
           1.05  2900           1.05  2941
           1.15  2761           1.15  2830
           1.25  2659           1.25  2654
           1.35  2624           1.35  2623
           1.45  2398           1.45  2502
           1.55  2359           1.55  2337
           1.65  2163           1.65  2289
           1.75  2073           1.75  2066
           1.85  1903           1.85  2048
           1.95  1875           1.95  1966
           2.05  1752           2.05  1920
           2.15  1700           2.15  1681
           2.25  1698           2.25  1631
           2.35  1511           2.35  1628
           2.45  1440           2.45  1540
           2.55  1369           2.55  1434
           2.65  1352           2.65  1388
           2.75  1292           2.75  1255
           2.85  1245           2.85  1251
           2.95  1133           2.95  1182
           3.05  1107           3.05  1088
           3.15  1041           3.15  1089
           3.25   960           3.25   968
           3.35   995           3.35  1000
           3.45   866           3.45   949
           3.55   913           3.55   871
           3.65   829           3.65   827
           3.75   767           3.75   775
           3.85   708           3.85   803
           3.95   689           3.95   690
           4.05   665           4.05   664
           4.15   673           4.15   622
           4.25   603           4.25   566
           4.35   569           4.35   575
           4.45   531           4.45   557
           4.55   537           4.55   514
           4.65   490           4.65   504
           4.75   505           4.75   471
           4.85   470           4.85   455
           4.95   447           4.95   410
           5.05   391           5.05   413
           5.15   381           5.15   368
           5.25   365           5.25   352
           5.35   327           5.35   320
           5.45   345           5.45   336
           5.55   288           5.55   294
           5.65   306           5.65   273
           5.75   307           5.75   290
           5.85   268           5.85   265
           5.95   249           5.95   233
           6.05   236           6.05   222
           6.15   216           6.15   233
           6.25   228           6.25   196
           6.35   195           6.35   214
           6.45   188           6.45   203
           6.55   166           6.55   189
           6.65   177           6.65   171
           6.75   184           6.75   156
           6.85   158           6.85   146
           6.95   152           6.95   144
           7.05   177           7.05   145
           7.15   147           7.15   132
           7.25   143           7.25   147
           7.35   128           7.35   136
           7.45   119           7.45   106
           7.55   102           7.55   113
           7.65    97           7.65    89
           7.75   103           7.75    98
           7.85   106           7.85   116
           7.95    96           7.95    72
           8.05    80           8.05   103
           8.15    82           8.15    80
           8.25    76           8.25    76
           8.35    76           8.35    84
           8.45    67           8.45    77
           8.55    65           8.55    65
           8.65    61           8.65    54
           8.75    53           8.75    55
           8.85    59           8.85    46
           8.95    54           8.95    50
           9.05    48           9.05    56
           9.15    55           9.15    56
           9.25    51           9.25    46
           9.35    61           9.35    33
           9.45    50           9.45    45
           9.55    46           9.55    46
           9.65    35           9.65    36
           9.75    35           9.75    31
           9.85    36           9.85    36
           9.95    32           9.95    34
