           0.05  4749           0.05  4921
           0.15  4208           0.15  4874
           0.25  3885           0.25  4609
           0.35  3801           0.35  4333
           0.45  3786           0.45  4173
           0.55  3673           0.55  3852
           0.65  3705           0.65  3739
           0.75  3665           0.75  3388
           0.85  3614           0.85  3330
           0.95  3482           0.95  3153
           1.05  3316           1.05  2977
           1.15  3174           1.15  2837
           1.25  2992           1.25  2713
           1.35  2860           1.35  2528
           1.45  2698           1.45  2441
           1.55  2467           1.55  2373
           1.65  2332           1.65  2205
           1.75  2217           1.75  2086
           1.85  2090           1.85  1877
           1.95  1878           1.95  1843
           2.05  1819           2.05  1811
           2.15  1589           2.15  1690
           2.25  1512           2.25  1515
           2.35  1426           2.35  1543
           2.45  1457           2.45  1344
           2.55  1382           2.55  1285
           2.65  1258           2.65  1343
           2.75  1197           2.75  1191
           2.85  1133           2.85  1150
           2.95  1098           2.95  1124
           3.05  1043           3.05  1045
           3.15   972           3.15  1006
           3.25   918           3.25   918
           3.35   841           3.35   862
           3.45   822           3.45   820
           3.55   782           3.55   846
           3.65   749           3.65   752
           3.75   792           3.75   695
           3.85   710           3.85   678
           3.95   673           3.95   638
           4.05   603           4.05   626
           4.15   583           4.15   574
           4.25   559           4.25   564
           4.35   537           4.35   564
           4.45   500           4.45   514
           4.55   507           4.55   493
           4.65   486           4.65   474
           4.75   447           4.75   428
           4.85   457           4.85   427
           4.95   420           4.95   410
           5.05   355           5.05   370
           5.15   345           5.15   362
           5.25   353           5.25   324
           5.35   331           5.35   328
           5.45   330           5.45   305
           5.55   277           5.55   344
           5.65   300           5.65   308
           5.75   268           5.75   272
           5.85   291           5.85   251
           5.95   249           5.95   250
           6.05   223           6.05   235
           6.15   233           6.15   197
           6.25   228           6.25   209
           6.35   207           6.35   200
           6.45   219           6.45   195
           6.55   174           6.55   168
           6.65   189           6.65   171
           6.75   163           6.75   161
           6.85   144           6.85   157
           6.95   127           6.95   165
           7.05   153           7.05   134
           7.15   108           7.15   145
           7.25   158           7.25   149
           7.35   114           7.35   121
           7.45   112           7.45   120
           7.55   103           7.55   135
           7.65    95           7.65   104
           7.75   108           7.75   105
           7.85    94           7.85    94
           7.95   107           7.95    89
           8.05    82           8.05   102
           8.15    79           8.15   112
           8.25    76           8.25    96
           8.35    67           8.35    76
           8.45    73           8.45    88
           8.55    82           8.55    89
           8.65    69           8.65    60
           8.75    60           8.75    53
           8.85    57           8.85    53
           8.95    64           8.95    55
           9.05    59           9.05    64
           9.15    51           9.15    55
           9.25    41           9.25    65
           9.35    49           9.35    54
           9.45    46           9.45    62
           9.55    41           9.55    56
           9.65    45           9.65    47
           9.75    43           9.75    53
           9.85    36           9.85    49
           9.95    32           9.95    35
