              0  1728           0.05   540
          0.003  1558           0.15  1419
          0.006  1407           0.25  2094
          0.009  1346           0.35  2532
          0.012  1322           0.45  2997
          0.015  1325           0.55  3377
          0.018  1332           0.65  3471
          0.021  1307           0.75  3767
          0.024  1305           0.85  3777
          0.027  1259           0.95  3770
           0.03  1204           1.05  3748
          0.033  1313           1.15  3707
          0.036  1263           1.25  3598
          0.039  1227           1.35  3507
          0.042  1201           1.45  3372
          0.045  1191           1.55  3201
          0.048  1181           1.65  3070
          0.051  1196           1.75  2929
          0.054  1189           1.85  2858
          0.057  1185           1.95  2734
           0.06  1178           2.05  2545
          0.063  1146           2.15  2294
          0.066  1084           2.25  2194
          0.069  1075           2.35  2207
          0.072  1120           2.45  1981
          0.075  1167           2.55  1900
          0.078  1165           2.65  1835
          0.081  1085           2.75  1618
          0.084  1107           2.85  1541
          0.087  1115           2.95  1447
           0.09  1123           3.05  1397
          0.093  1132           3.15  1233
          0.096  1129           3.25  1210
          0.099  1093           3.35  1127
          0.102  1085           3.45  1040
          0.105  1094           3.55   982
          0.108  1168           3.65   935
          0.111  1036           3.75   823
          0.114  1156           3.85   774
          0.117  1092           3.95   728
           0.12  1013           4.05   682
          0.123  1068           4.15   619
          0.126  1047           4.25   585
          0.129  1074           4.35   565
          0.132  1087           4.45   538
          0.135  1065           4.55   501
          0.138  1007           4.65   427
          0.141  1063           4.75   374
          0.144  1043           4.85   401
          0.147  1058           4.95   342
           0.15  1039           5.05   341
          0.153  1076           5.15   316
          0.156  1066           5.25   294
          0.159  1050           5.35   287
          0.162  1089           5.45   274
          0.165  1040           5.55   218
          0.168  1022           5.65   227
          0.171   977           5.75   229
          0.174  1010           5.85   184
          0.177  1000           5.95   168
           0.18   965           6.05   165
          0.183   962           6.15   131
          0.186  1038           6.25   127
          0.189  1056           6.35   132
          0.192  1013           6.45   124
          0.195  1007           6.55   110
          0.198  1006           6.65    91
          0.201   969           6.75    95
          0.204  1030           6.85    92
          0.207  1034           6.95    75
           0.21   983           7.05    71
          0.213  1015           7.15    63
          0.216  1001           7.25    63
          0.219  1018           7.35    59
          0.222   976           7.45    62
          0.225   992           7.55    48
          0.228   991           7.65    38
          0.231  1045           7.75    30
          0.234   998           7.85    32
          0.237   990           7.95    41
           0.24   961           8.05    42
          0.243   950           8.15    35
          0.246  1045           8.25    28
          0.249   981           8.35    27
          0.252  1001           8.45    21
          0.255  1045           8.55    17
          0.258  1011           8.65    25
          0.261   939           8.75    29
          0.264  1021           8.85    18
          0.267   989           8.95    17
           0.27   685           9.05    12
          0.273     0           9.15    13
          0.276     0           9.25    13
          0.279     0           9.35    14
          0.282     0           9.45    13
          0.285     0           9.55     9
          0.288     0           9.65     8
          0.291     0           9.75    13
          0.294     0           9.85     8
          0.297     0           9.95     4
