           0.05  4937           0.05  4953
           0.15  4868           0.15  4522
           0.25  4360           0.25  4498
           0.35  4290           0.35  4135
           0.45  4104           0.45  4054
           0.55  3882           0.55  3762
           0.65  3580           0.65  3609
           0.75  3420           0.75  3509
           0.85  3224           0.85  3175
           0.95  3216           0.95  3114
           1.05  3078           1.05  3012
           1.15  2840           1.15  2896
           1.25  2683           1.25  2675
           1.35  2533           1.35  2545
           1.45  2423           1.45  2385
           1.55  2286           1.55  2318
           1.65  2214           1.65  2194
           1.75  2000           1.75  2054
           1.85  1981           1.85  2025
           1.95  1884           1.95  1939
           2.05  1789           2.05  1770
           2.15  1661           2.15  1597
           2.25  1591           2.25  1602
           2.35  1473           2.35  1550
           2.45  1429           2.45  1477
           2.55  1370           2.55  1378
           2.65  1269           2.65  1295
           2.75  1224           2.75  1279
           2.85  1175           2.85  1119
           2.95  1167           2.95  1196
           3.05  1064           3.05  1103
           3.15   937           3.15   996
           3.25   951           3.25   966
           3.35   878           3.35   979
           3.45   856           3.45   921
           3.55   830           3.55   834
           3.65   770           3.65   784
           3.75   760           3.75   764
           3.85   700           3.85   719
           3.95   714           3.95   663
           4.05   649           4.05   690
           4.15   611           4.15   671
           4.25   563           4.25   634
           4.35   534           4.35   554
           4.45   530           4.45   554
           4.55   488           4.55   505
           4.65   481           4.65   503
           4.75   464           4.75   463
           4.85   456           4.85   444
           4.95   415           4.95   427
           5.05   394           5.05   377
           5.15   383           5.15   409
           5.25   367           5.25   377
           5.35   346           5.35   321
           5.45   350           5.45   310
           5.55   298           5.55   329
           5.65   298           5.65   327
           5.75   283           5.75   282
           5.85   253           5.85   275
           5.95   272           5.95   247
           6.05   238           6.05   205
           6.15   232           6.15   222
           6.25   197           6.25   222
           6.35   195           6.35   223
           6.45   198           6.45   189
           6.55   190           6.55   184
           6.65   187           6.65   184
           6.75   176           6.75   190
           6.85   173           6.85   138
           6.95   157           6.95   140
           7.05   138           7.05   163
           7.15   139           7.15   141
           7.25   127           7.25   133
           7.35   127           7.35   123
           7.45   132           7.45   116
           7.55   118           7.55   112
           7.65   117           7.65   103
           7.75   115           7.75   111
           7.85   106           7.85   105
           7.95   102           7.95    93
           8.05    92           8.05    93
           8.15    96           8.15    79
           8.25    88           8.25    73
           8.35    92           8.35    68
           8.45    66           8.45    80
           8.55    77           8.55    79
           8.65    68           8.65    65
           8.75    68           8.75    57
           8.85    56           8.85    63
           8.95    62           8.95    56
           9.05    39           9.05    53
           9.15    39           9.15    50
           9.25    60           9.25    49
           9.35    40           9.35    46
           9.45    51           9.45    55
           9.55    51           9.55    35
           9.65    39           9.65    38
           9.75    41           9.75    45
           9.85    36           9.85    34
           9.95    44           9.95    33
