              0  1912           0.05   550
          0.003  1761           0.15  1442
          0.006  1553           0.25  2113
          0.009  1500           0.35  2601
          0.012  1388           0.45  3010
          0.015  1447           0.55  3412
          0.018  1299           0.65  3534
          0.021  1355           0.75  3761
          0.024  1289           0.85  3765
          0.027  1284           0.95  3772
           0.03  1252           1.05  3796
          0.033  1277           1.15  3701
          0.036  1325           1.25  3563
          0.039  1259           1.35  3533
          0.042  1223           1.45  3334
          0.045  1274           1.55  3210
          0.048  1266           1.65  3062
          0.051  1208           1.75  2942
          0.054  1251           1.85  2867
          0.057  1157           1.95  2688
           0.06  1236           2.05  2495
          0.063  1103           2.15  2288
          0.066  1223           2.25  2198
          0.069  1183           2.35  2133
          0.072  1142           2.45  1994
          0.075  1125           2.55  1901
          0.078  1154           2.65  1749
          0.081  1109           2.75  1644
          0.084  1111           2.85  1489
          0.087  1085           2.95  1481
           0.09  1073           3.05  1379
          0.093  1151           3.15  1227
          0.096  1096           3.25  1195
          0.099  1114           3.35  1092
          0.102  1076           3.45  1059
          0.105  1161           3.55   982
          0.108  1149           3.65   880
          0.111  1031           3.75   850
          0.114  1057           3.85   784
          0.117  1015           3.95   693
           0.12  1008           4.05   678
          0.123  1032           4.15   651
          0.126  1058           4.25   578
          0.129  1057           4.35   574
          0.132  1015           4.45   509
          0.135  1032           4.55   453
          0.138  1015           4.65   491
          0.141  1027           4.75   406
          0.144  1057           4.85   386
          0.147  1044           4.95   358
           0.15  1107           5.05   340
          0.153  1037           5.15   326
          0.156  1042           5.25   302
          0.159  1016           5.35   257
          0.162  1052           5.45   231
          0.165  1073           5.55   232
          0.168   963           5.65   235
          0.171   994           5.75   218
          0.174  1023           5.85   173
          0.177  1028           5.95   205
           0.18   937           6.05   167
          0.183  1029           6.15   144
          0.186  1006           6.25   132
          0.189   952           6.35   127
          0.192  1003           6.45   111
          0.195   972           6.55   117
          0.198   940           6.65    97
          0.201  1033           6.75   101
          0.204  1019           6.85    86
          0.207   990           6.95    89
           0.21   926           7.05    78
          0.213   986           7.15    71
          0.216   993           7.25    67
          0.219   977           7.35    55
          0.222   925           7.45    59
          0.225   928           7.55    39
          0.228   997           7.65    43
          0.231   917           7.75    40
          0.234   969           7.85    39
          0.237   920           7.95    28
           0.24  1038           8.05    45
          0.243   959           8.15    34
          0.246   943           8.25    30
          0.249   926           8.35    29
          0.252   951           8.45    20
          0.255   924           8.55    28
          0.258   974           8.65    29
          0.261   915           8.75    23
          0.264   949           8.85    18
          0.267   998           8.95    18
           0.27   650           9.05    12
          0.273     0           9.15    18
          0.276     0           9.25    18
          0.279     0           9.35    14
          0.282     0           9.45    10
          0.285     0           9.55    11
          0.288     0           9.65     8
          0.291     0           9.75    15
          0.294     0           9.85    10
          0.297     0           9.95     9
