        1.87713 1.75386e-09 0
         1.8862 7.23289e-09 0
        1.89081 -2.69044e-09 0
         1.8812 -6.79117e-09 0
        1.87793 3.46261e-09 0
        1.88767 6.28204e-09 0
        1.88977 -4.26175e-09 0
        1.87961 -5.87171e-09 0
        1.87878 5.08496e-09 0
        1.88927 5.25837e-09 0
        1.88873 -5.73361e-09 0
        1.87851 -4.45644e-09 0
        1.88025 6.16351e-09 0
        1.89009 3.66387e-09 0
        1.88713 -6.68593e-09 0
        1.87748 -2.90485e-09 0
        1.88175 7.16487e-09 0
        1.89103 1.98297e-09 0
        1.88555 -7.34751e-09 0
        1.87717 -1.04298e-09 0
         1.8835 7.34775e-09 0
        1.89102 1.31799e-10 0
        1.88371 -7.47673e-09 0
        1.87696 8.0279e-10 0
        1.88533 7.46939e-09 0
        1.89108 -1.77354e-09 0
        1.88204 -7.14532e-09 0
        1.87756 2.6087e-09 0
        1.88689 6.72867e-09 0
        1.89024 -3.45427e-09 0
        1.88033 -6.42356e-09 0
        1.87818 4.33174e-09 0
        1.88858 5.92003e-09 0
         1.8894 -5.07657e-09 0
        1.87906 -5.19019e-09 0
        1.87953 5.60717e-09 0
        1.88961 4.45416e-09 0
        1.88791 -6.21408e-09 0
        1.87788 -3.77003e-09 0
        1.88091 6.79908e-09 0
        1.89074 2.90378e-09 0
        1.88642 -7.11108e-09 0
        1.87735 -1.97378e-09 0
        1.88263 7.22382e-09 0
        1.89095 1.07427e-09 0
        1.88461 -7.46012e-09 0
        1.87692 -1.62908e-10 0
        1.88441 7.58343e-09 0
        1.89125 -8.23704e-10 0
        1.88292 -7.38429e-09 0
        1.87729 1.709e-09 0
        1.88607 7.06683e-09 0
         1.8906 -2.58988e-09 0
        1.88114 -6.87043e-09 0
        1.87772 3.50607e-09 0
        1.88784 6.4857e-09 0
        1.88998 -4.33344e-09 0
        1.87973 -5.84209e-09 0
        1.87889 4.95763e-09 0
        1.88904 5.17319e-09 0
        1.88863 -5.64055e-09 0
        1.87837 -4.57407e-09 0
         1.8801 6.32041e-09 0
        1.89035 3.77962e-09 0
        1.88728 -6.75691e-09 0
        1.87763 -2.87618e-09 0
        1.88177 6.9818e-09 0
        1.89079 2.00001e-09 0
         1.8855 -7.32162e-09 0
        1.87698 -1.12678e-09 0
        1.88348 7.57285e-09 0
        1.89131 1.43126e-10 0
        1.88381 -7.50349e-09 0
        1.87713 7.78095e-10 0
        1.88522 7.29113e-09 0
        1.89087 -1.68257e-09 0
          1.882 -7.20571e-09 0
        1.87735 2.62153e-09 0
        1.88703 6.94663e-09 0
        1.89046 -3.51603e-09 0
        1.88046 -6.4018e-09 0
        1.87834 4.22514e-09 0
        1.88837 5.8098e-09 0
        1.88928 -4.97491e-09 0
        1.87897 -5.30412e-09 0
        1.87937 5.73705e-09 0
        1.88984 4.59654e-09 0
        1.88809 -6.29065e-09 0
          1.878 -3.73599e-09 0
        1.88094 6.6257e-09 0
         1.8905 2.89503e-09 0
        1.88637 -7.06394e-09 0
        1.87717 -2.07352e-09 0
        1.88257 7.43783e-09 0
        1.89123 1.11142e-09 0
        1.88472 -7.5006e-09 0
        1.87709 -1.69545e-10 0
        1.88432 7.39761e-09 0
        1.89103 -7.4674e-10 0
        1.88287 -7.42346e-09 0
        1.87707 1.69247e-09 0
        1.88616 7.29436e-09 0
        1.89086 -2.63761e-09 0
        1.88125 -6.8596e-09 0
        1.87787 3.42122e-09 0
        1.88764 6.35341e-09 0
        1.88984 -4.22775e-09 0
        1.87964 -5.9481e-09 0
        1.87871 5.05817e-09 0
        1.88925 5.3404e-09 0
        1.88881 -5.71929e-09 0
        1.87851 -4.5385e-09 0
        1.88018 6.16081e-09 0
        1.89009 3.74441e-09 0
         1.8872 -6.6911e-09 0
        1.87747 -2.98727e-09 0
        1.88168 7.17998e-09 0
        1.89105 2.06491e-09 0
        1.88563 -7.37499e-09 0
        1.87715 -1.11836e-09 0
        1.88343 7.38416e-09 0
        1.89107 2.02202e-10 0
        1.88377 -7.52028e-09 0
        1.87692 7.34438e-10 0
        1.88526 7.52298e-09 0
        1.89113 -1.71238e-09 0
        1.88209 -7.20727e-09 0
         1.8775 2.55853e-09 0
        1.88684 6.79485e-09 0
        1.89031 -3.41107e-09 0
        1.88038 -6.49532e-09 0
        1.87813 4.29486e-09 0
        1.88856 5.99869e-09 0
        1.88948 -5.05145e-09 0
        1.87909 -5.27079e-09 0
        1.87946 5.59403e-09 0
         1.8896 4.53427e-09 0
        1.88799 -6.20878e-09 0
        1.87787 -3.85309e-09 0
        1.88082 6.80321e-09 0
        1.89075 2.98801e-09 0
        1.88651 -7.12807e-09 0
        1.87733 -2.05302e-09 0
        1.88256 7.25047e-09 0
        1.89099 1.14908e-09 0
        1.88468 -7.49434e-09 0
        1.87688 -2.36831e-10 0
        1.88434 7.62809e-09 0
        1.89129 -7.55239e-10 0
        1.88298 -7.43871e-09 0
        1.87723 1.65063e-09 0
        1.88601 7.12694e-09 0
        1.89067 -2.53813e-09 0
        1.88119 -6.93683e-09 0
        1.87766 3.45956e-09 0
        1.88779 6.56011e-09 0
        1.89005 -4.29787e-09 0
        1.87976 -5.92018e-09 0
        1.87881 4.93414e-09 0
        1.88901 5.25205e-09 0
         1.8887 -5.62499e-09 0
        1.87838 -4.65647e-09 0
        1.88002 6.3137e-09 0
        1.89034 3.86488e-09 0
        1.88736 -6.76327e-09 0
        1.87761 -2.95819e-09 0
         1.8817 6.99875e-09 0
         1.8908 2.07861e-09 0
        1.88557 -7.3464e-09 0
        1.87695 -1.20534e-09 0
        1.88341 7.60805e-09 0
        1.89134 2.17848e-10 0
        1.88388 -7.54957e-09 0
        1.87708 7.12484e-10 0
        1.88514 7.34404e-09 0
        1.89092 -1.62319e-09 0
        1.88205 -7.2652e-09 0
        1.87729 2.56639e-09 0
        1.88698 7.01491e-09 0
        1.89055 -3.47073e-09 0
        1.88049 -6.47575e-09 0
        1.87826 4.19177e-09 0
        1.88834 5.88572e-09 0
        1.88934 -4.94924e-09 0
        1.87898 -5.38444e-09 0
        1.87929 5.71943e-09 0
        1.88983 4.68114e-09 0
        1.88816 -6.28598e-09 0
        1.87801 -3.81906e-09 0
        1.88087 6.63225e-09 0
        1.89049 2.9756e-09 0
        1.88645 -7.07841e-09 0
        1.87716 -2.15521e-09 0
         1.8825 7.4625e-09 0
        1.89125 1.19099e-09 0
         1.8848 -7.53726e-09 0
        1.87705 -2.41302e-10 0
        1.88425 7.44216e-09 0
        1.89106 -6.80733e-10 0
        1.88292 -7.47499e-09 0
        1.87701 1.62956e-09 0
        1.88611 7.35551e-09 0
        1.89092 -2.5831e-09 0
         1.8813 -6.92793e-09 0
        1.87779 3.37819e-09 0
        1.88761 6.42483e-09 0
        1.88991 -4.19221e-09 0
        1.87966 -6.02477e-09 0
        1.87863 5.02982e-09 0
        1.88923 5.42279e-09 0
        1.88888 -5.7033e-09 0
        1.87851 -4.62137e-09 0
        1.88009 6.15661e-09 0
         1.8901 3.82569e-09 0
        1.88729 -6.69489e-09 0
        1.87746 -3.07066e-09 0
         1.8816 7.19391e-09 0
        1.89107 2.14799e-09 0
         1.8857 -7.40157e-09 0
        1.87711 -1.19495e-09 0
        1.88336 7.41966e-09 0
         1.8911 2.7374e-10 0
        1.88384 -7.56308e-09 0
        1.87688 6.64942e-10 0
         1.8852 7.57599e-09 0
        1.89118 -1.64966e-09 0
        1.88216 -7.26897e-09 0
        1.87743 2.50681e-09 0
        1.88681 6.86114e-09 0
        1.89036 -3.36648e-09 0
        1.88041 -6.56721e-09 0
        1.87806 4.25647e-09 0
        1.88851 6.07757e-09 0
        1.88956 -5.02477e-09 0
         1.8791 -5.35189e-09 0
        1.87938 5.57943e-09 0
        1.88959 4.61522e-09 0
        1.88807 -6.20215e-09 0
        1.87788 -3.9368e-09 0
        1.88075 6.80618e-09 0
        1.89077 3.07316e-09 0
        1.88659 -7.14402e-09 0
        1.87731 -2.13331e-09 0
        1.88248 7.27639e-09 0
        1.89101 1.22524e-09 0
        1.88475 -7.52792e-09 0
        1.87685 -3.1199e-10 0
        1.88428 7.67208e-09 0
        1.89135 -6.85366e-10 0
        1.88303 -7.49255e-09 0
        1.87718 1.59074e-09 0
        1.88597 7.18648e-09 0
        1.89073 -2.48494e-09 0
        1.88124 -7.0027e-09 0
        1.87759 3.41166e-09 0
        1.88776 6.63414e-09 0
        1.89014 -4.26072e-09 0
        1.87978 -5.99822e-09 0
        1.87874 4.90912e-09 0
          1.889 5.33114e-09 0
        1.88877 -5.60788e-09 0
        1.87839 -4.73938e-09 0
        1.87994 6.3055e-09 0
        1.89034 3.95086e-09 0
        1.88744 -6.76808e-09 0
        1.87761 -3.04102e-09 0
        1.88161 7.01433e-09 0
        1.89081 2.15817e-09 0
        1.88564 -7.36985e-09 0
        1.87693 -1.28516e-09 0
        1.88333 7.6421e-09 0
        1.89137 2.93975e-10 0
        1.88395 -7.59469e-09 0
        1.87703 6.45269e-10 0
        1.88509 7.39615e-09 0
        1.89098 -1.56232e-09 0
         1.8821 -7.32413e-09 0
        1.87722 2.50961e-09 0
        1.88692 7.08313e-09 0
        1.89061 -3.42358e-09 0
        1.88054 -6.54975e-09 0
        1.87819 4.15662e-09 0
        1.88831 5.96182e-09 0
        1.88943 -4.92185e-09 0
        1.87901 -5.46527e-09 0
        1.87922 5.70008e-09 0
        1.88981 4.76655e-09 0
        1.88825 -6.27947e-09 0
        1.87801 -3.90323e-09 0
        1.88079 6.63743e-09 0
        1.89051 3.05746e-09 0
        1.88653 -7.09158e-09 0
        1.87714 -2.23821e-09 0
         1.8824 7.4861e-09 0
        1.89128 1.27205e-09 0
        1.88488 -7.57301e-09 0
        1.87702 -3.14588e-10 0
        1.88418 7.48607e-09 0
        1.89111 -6.13057e-10 0
          1.883 -7.52604e-09 0
        1.87697 1.56496e-09 0
        1.88603 7.41646e-09 0
        1.89099 -2.52678e-09 0
        1.88134 -6.99638e-09 0
        1.87774 3.33346e-09 0
        1.88756 6.49685e-09 0
        1.88997 -4.15504e-09 0
         1.8797 -6.10199e-09 0
        1.87855 4.9999e-09 0
         1.8892 5.50592e-09 0
        1.88898 -5.68583e-09 0
        1.87851 -4.70512e-09 0
        1.88001 6.15121e-09 0
        1.89009 3.90815e-09 0
        1.88736 -6.6975e-09 0
        1.87745 -3.15524e-09 0
        1.88152 7.20643e-09 0
        1.89109 2.23236e-09 0
        1.88578 -7.4268e-09 0
         1.8771 -1.27303e-09 0
         1.8833 7.45421e-09 0
        1.89114 3.47015e-10 0
         1.8839 -7.6052e-09 0
        1.87684 5.9361e-10 0
        1.88513 7.62838e-09 0
        1.89123 -1.58518e-09 0
         1.8822 -7.33031e-09 0
        1.87739 2.45312e-09 0
        1.88677 6.9272e-09 0
        1.89043 -3.3202e-09 0
        1.88046 -6.63921e-09 0
        1.87799 4.21641e-09 0
        1.88849 6.15681e-09 0
        1.88963 -4.99638e-09 0
        1.87912 -5.43353e-09 0
        1.87932 5.5633e-09 0
        1.88959 4.69682e-09 0
        1.88814 -6.19403e-09 0
        1.87787 -4.0214e-09 0
        1.88066 6.80751e-09 0
        1.89077 3.15923e-09 0
        1.88667 -7.15834e-09 0
        1.87728 -2.21489e-09 0
        1.88241 7.30092e-09 0
        1.89104 1.30273e-09 0
        1.88482 -7.56017e-09 0
        1.87682 -3.88653e-10 0
        1.88419 7.7148e-09 0
        1.89138 -6.13773e-10 0
         1.8831 -7.54567e-09 0
        1.87714 1.52918e-09 0
        1.88591 7.24561e-09 0
        1.89078 -2.43007e-09 0
        1.88128 -7.06811e-09 0
        1.87752 3.36183e-09 0
        1.88772 6.70794e-09 0
        1.89021 -4.22153e-09 0
        1.87982 -6.07658e-09 0
        1.87867 4.88216e-09 0
        1.88897 5.41067e-09 0
        1.88886 -5.58878e-09 0
        1.87841 -4.82282e-09 0
        1.87986 6.29525e-09 0
        1.89033 4.03747e-09 0
        1.88752 -6.77097e-09 0
        1.87759 -3.12484e-09 0
        1.88154 7.02835e-09 0
        1.89083 2.23877e-09 0
        1.88573 -7.39174e-09 0
        1.87691 -1.36585e-09 0
        1.88326 7.67441e-09 0
        1.89141 3.71408e-10 0
        1.88401 -7.63835e-09 0
        1.87699 5.76532e-10 0
        1.88502 7.44717e-09 0
        1.89103 -1.49979e-09 0
        1.88216 -7.38206e-09 0
        1.87716 2.45117e-09 0
        1.88687 7.15037e-09 0
        1.89067 -3.37459e-09 0
        1.88057 -6.62293e-09 0
        1.87811 4.11959e-09 0
        1.88829 6.03759e-09 0
        1.88949 -4.89262e-09 0
        1.87903 -5.54547e-09 0
        1.87913 5.67883e-09 0
        1.88981 4.85165e-09 0
        1.88832 -6.27107e-09 0
        1.87802 -3.98741e-09 0
        1.88071 6.64068e-09 0
        1.89051 3.13954e-09 0
         1.8866 -7.10296e-09 0
        1.87713 -2.32154e-09 0
        1.88233 7.50764e-09 0
        1.89132 1.35387e-09 0
        1.88494 -7.60661e-09 0
        1.87698 -3.89074e-10 0
        1.88412 7.52824e-09 0
        1.89115 -5.44161e-10 0
        1.88305 -7.57569e-09 0
        1.87692 1.4989e-09 0
        1.88599 7.47582e-09 0
        1.89104 -2.46882e-09 0
        1.88139 -7.06355e-09 0
        1.87767 3.28698e-09 0
        1.88753 6.56787e-09 0
        1.89004 -4.11606e-09 0
        1.87974 -6.17831e-09 0
        1.87848 4.96801e-09 0
        1.88918 5.58863e-09 0
        1.88905 -5.66633e-09 0
        1.87854 -4.78883e-09 0
        1.87994 6.1437e-09 0
         1.8901 3.99094e-09 0
        1.88744 -6.69814e-09 0
        1.87743 -3.24034e-09 0
        1.88144 7.21702e-09 0
        1.89111 2.31779e-09 0
        1.88586 -7.45025e-09 0
        1.87705 -1.3526e-09 0
        1.88323 7.48722e-09 0
        1.89117 4.21742e-10 0
        1.88397 -7.64581e-09 0
        1.87678 5.20686e-10 0
        1.88506 7.67918e-09 0
         1.8913 -1.5188e-09 0
        1.88226 -7.39061e-09 0
        1.87732 2.39749e-09 0
        1.88672 6.99249e-09 0
         1.8905 -3.27175e-09 0
        1.88051 -6.7105e-09 0
        1.87791 4.17395e-09 0
        1.88845 6.2357e-09 0
         1.8897 -4.96555e-09 0
        1.87915 -5.51536e-09 0
        1.87923 5.54474e-09 0
        1.88957 4.77876e-09 0
        1.88822 -6.18359e-09 0
        1.87789 -4.10663e-09 0
        1.88057 6.80653e-09 0
        1.89077 3.24639e-09 0
        1.88675 -7.17057e-09 0
        1.87728 -2.29787e-09 0
        1.88233 7.32382e-09 0
        1.89106 1.38174e-09 0
         1.8849 -7.59093e-09 0
        1.87677 -4.67008e-10 0
        1.88412 7.75619e-09 0
        1.89143 -5.40346e-10 0
        1.88316 -7.59774e-09 0
        1.87708 1.46558e-09 0
        1.88585 7.30415e-09 0
        1.89084 -2.37326e-09 0
        1.88134 -7.13329e-09 0
        1.87745 3.3101e-09 0
        1.88768 6.78158e-09 0
        1.89027 -4.18045e-09 0
        1.87984 -6.1549e-09 0
         1.8786 4.85335e-09 0
        1.88896 5.49025e-09 0
        1.88895 -5.56808e-09 0
        1.87842 -4.9065e-09 0
        1.87978 6.28325e-09 0
        1.89034 4.12478e-09 0
         1.8876 -6.77206e-09 0
        1.87759 -3.2097e-09 0
        1.88146 7.04076e-09 0
        1.89084 2.32065e-09 0
         1.8858 -7.4124e-09 0
        1.87689 -1.44818e-09 0
        1.88319 7.70557e-09 0
        1.89144 4.50587e-10 0
        1.88409 -7.68137e-09 0
        1.87694 5.06142e-10 0
        1.88497 7.49783e-09 0
        1.89108 -1.43542e-09 0
        1.88221 -7.43963e-09 0
        1.87711 2.39067e-09 0
        1.88682 7.21727e-09 0
        1.89074 -3.3234e-09 0
        1.88062 -6.69638e-09 0
        1.87804 4.08046e-09 0
        1.88825 6.11384e-09 0
        1.88958 -4.86131e-09 0
        1.87905 -5.6266e-09 0
        1.87905 5.6557e-09 0
        1.88978 4.93782e-09 0
         1.8884 -6.26081e-09 0
        1.87803 -4.07314e-09 0
        1.88063 6.64224e-09 0
        1.89052 3.22325e-09 0
        1.88668 -7.11268e-09 0
        1.87711 -2.40675e-09 0
        1.88226 7.52799e-09 0
        1.89134 1.4378e-09 0
        1.88502 -7.63963e-09 0
        1.87694 -4.65624e-10 0
        1.88406 7.57003e-09 0
        1.89119 -4.73132e-10 0
        1.88313 -7.62485e-09 0
        1.87687 1.43071e-09 0
        1.88592 7.53503e-09 0
        1.89109 -2.4085e-09 0
        1.88144 -7.13084e-09 0
         1.8776 3.23821e-09 0
        1.88749 6.63918e-09 0
        1.89011 -4.07482e-09 0
        1.87977 -6.25515e-09 0
         1.8784 4.93374e-09 0
        1.88915 5.6719e-09 0
        1.88913 -5.64438e-09 0
        1.87855 -4.8735e-09 0
        1.87985 6.13413e-09 0
        1.89009 4.0747e-09 0
        1.88751 -6.69692e-09 0
        1.87744 -3.32643e-09 0
        1.88135 7.22585e-09 0
         1.8911 2.40424e-09 0
        1.88594 -7.4721e-09 0
        1.87704 -1.43338e-09 0
        1.88315 7.51912e-09 0
        1.89119 4.97725e-10 0
        1.88403 -7.68532e-09 0
        1.87674 4.46301e-10 0
        1.88499 7.72924e-09 0
        1.89134 -1.4507e-09 0
        1.88231 -7.45023e-09 0
        1.87726 2.34004e-09 0
        1.88668 7.05756e-09 0
        1.89055 -3.22131e-09 0
        1.88055 -6.7818e-09 0
        1.87784 4.12967e-09 0
        1.88843 6.31474e-09 0
        1.88978 -4.93275e-09 0
        1.87917 -5.59759e-09 0
        1.87915 5.52445e-09 0
        1.88955 4.86148e-09 0
         1.8883 -6.17169e-09 0
        1.87789 -4.19263e-09 0
         1.8805 6.80415e-09 0
        1.89078 3.33459e-09 0
        1.88683 -7.18146e-09 0
        1.87726 -2.38205e-09 0
        1.88225 7.34547e-09 0
         1.8911 1.46201e-09 0
        1.88498 -7.62063e-09 0
        1.87675 -5.46781e-10 0
        1.88406 7.79664e-09 0
        1.89147 -4.6521e-10 0
        1.88325 -7.64897e-09 0
        1.87703 1.40016e-09 0
         1.8858 7.36206e-09 0
         1.8909 -2.31464e-09 0
        1.88139 -7.19772e-09 0
        1.87739 3.25648e-09 0
        1.88762 6.85493e-09 0
        1.89034 -4.13719e-09 0
        1.87988 -6.23323e-09 0
        1.87852 4.82248e-09 0
        1.88893 5.57031e-09 0
        1.88901 -5.54531e-09 0
        1.87844 -4.99073e-09 0
         1.8797 6.26927e-09 0
        1.89033 4.21273e-09 0
        1.88768 -6.77131e-09 0
        1.87757 -3.29552e-09 0
        1.88139 7.05154e-09 0
        1.89087 2.40349e-09 0
        1.88588 -7.43132e-09 0
        1.87686 -1.53161e-09 0
        1.88309 7.73535e-09 0
        1.89148 5.31123e-10 0
        1.88416 -7.72295e-09 0
         1.8769 4.34041e-10 0
         1.8849 7.54733e-09 0
        1.89113 -1.36956e-09 0
        1.88227 -7.49628e-09 0
        1.87705 2.32869e-09 0
        1.88677 7.28356e-09 0
        1.89081 -3.27061e-09 0
        1.88065 -6.76953e-09 0
        1.87799 4.03966e-09 0
        1.88822 6.18976e-09 0
        1.88965 -4.82848e-09 0
        1.87908 -5.7076e-09 0
        1.87896 5.6307e-09 0
        1.88976 5.02407e-09 0
        1.88848 -6.2488e-09 0
        1.87803 -4.15897e-09 0
        1.88056 6.64236e-09 0
        1.89053 3.30721e-09 0
        1.88676 -7.12109e-09 0
        1.87709 -2.4922e-09 0
        1.88216 7.54669e-09 0
        1.89136 1.52208e-09 0
        1.88509 -7.67093e-09 0
         1.8769 -5.42895e-10 0
        1.88399 7.6104e-09 0
        1.89124 -4.01297e-10 0
         1.8832 -7.6726e-09 0
        1.87681 1.3616e-09 0
        1.88586 7.59309e-09 0
        1.89116 -2.34705e-09 0
        1.88149 -7.19735e-09 0
        1.87753 3.18816e-09 0
        1.88744 6.70992e-09 0
        1.89018 -4.03246e-09 0
         1.8798 -6.33152e-09 0
        1.87833 4.89835e-09 0
        1.88912 5.75505e-09 0
        1.88921 -5.62128e-09 0
        1.87857 -4.95811e-09 0
        1.87979 6.12338e-09 0
        1.89007 4.15871e-09 0
        1.88759 -6.69441e-09 0
        1.87743 -3.41297e-09 0
        1.88126 7.23346e-09 0
        1.89113 2.49145e-09 0
        1.88602 -7.49281e-09 0
        1.87701 -1.51516e-09 0
        1.88306 7.54961e-09 0
        1.89124 5.7486e-10 0
        1.88412 -7.7239e-09 0
         1.8767 3.70868e-10 0
        1.88492 7.77824e-09 0
        1.89139 -1.38134e-09 0
        1.88238 -7.50902e-09 0
         1.8772 2.28142e-09 0
        1.88663 7.12197e-09 0
        1.89063 -3.16995e-09 0
        1.88059 -6.85241e-09 0
        1.87777 4.08416e-09 0
        1.88838 6.39318e-09 0
        1.88986 -4.89875e-09 0
         1.8792 -5.67977e-09 0
        1.87908 5.50292e-09 0
        1.88953 4.94413e-09 0
        1.88839 -6.15841e-09 0
        1.87791 -4.27878e-09 0
        1.88041 6.80019e-09 0
        1.89079 3.42311e-09 0
        1.88691 -7.19097e-09 0
        1.87725 -2.46678e-09 0
        1.88218 7.36574e-09 0
        1.89112 1.5429e-09 0
        1.88505 -7.64905e-09 0
        1.87672 -6.27205e-10 0
        1.88398 7.83574e-09 0
        1.89151 -3.89258e-10 0
        1.88331 -7.69919e-09 0
        1.87697 1.33379e-09 0
        1.88573 7.41919e-09 0
        1.89095 -2.255e-09 0
        1.88145 -7.26162e-09 0
        1.87732 3.20157e-09 0
        1.88757 6.92778e-09 0
        1.89042 -4.0926e-09 0
        1.87991 -6.31147e-09 0
        1.87845 4.7903e-09 0
        1.88889 5.65043e-09 0
        1.88909 -5.52134e-09 0
        1.87846 -5.07508e-09 0
        1.87961 6.25405e-09 0
        1.89031 4.30115e-09 0
        1.88776 -6.76942e-09 0
        1.87759 -3.38198e-09 0
        1.88129 7.06133e-09 0
        1.89088 2.48725e-09 0
        1.88596 -7.44926e-09 0
        1.87685 -1.6159e-09 0
        1.88302 7.76397e-09 0
         1.8915 6.12731e-10 0
        1.88424 -7.76372e-09 0
        1.87687 3.60706e-10 0
        1.88483 7.59616e-09 0
        1.89118 -1.30239e-09 0
        1.88234 -7.55226e-09 0
        1.87699 2.2652e-09 0
        1.88671 7.34925e-09 0
        1.89088 -3.21624e-09 0
         1.8807 -6.84233e-09 0
        1.87791 3.99729e-09 0
         1.8882 6.2659e-09 0
        1.88973 -4.79409e-09 0
        1.87912 -5.7886e-09 0
        1.87889 5.60415e-09 0
        1.88976 5.11071e-09 0
        1.88856 -6.23515e-09 0
        1.87804 -4.24555e-09 0
        1.88047 6.64089e-09 0
        1.89053 3.39228e-09 0
        1.88685 -7.12793e-09 0
        1.87709 -2.57896e-09 0
        1.88208 7.56403e-09 0
        1.89138 1.60797e-09 0
        1.88518 -7.70108e-09 0
        1.87686 -6.2194e-10 0
        1.88391 7.64988e-09 0
        1.89128 -3.27739e-10 0
        1.88327 -7.71983e-09 0
        1.87676 1.29057e-09 0
        1.88579 7.65079e-09 0
        1.89121 -2.28372e-09 0
        1.88155 -7.26367e-09 0
        1.87748 3.13629e-09 0
         1.8874 6.78082e-09 0
        1.89026 -3.98815e-09 0
        1.87985 -6.40815e-09 0
        1.87825 4.86104e-09 0
        1.88909 5.83855e-09 0
        1.88931 -5.59621e-09 0
        1.87858 -5.04358e-09 0
         1.8797 6.11083e-09 0
        1.89007 4.2436e-09 0
        1.88768 -6.69044e-09 0
        1.87744 -3.50057e-09 0
        1.88118 7.23936e-09 0
        1.89114 2.57995e-09 0
         1.8861 -7.51204e-09 0
        1.87699 -1.59843e-09 0
        1.88299 7.57918e-09 0
        1.89127 6.5346e-10 0
         1.8842 -7.76151e-09 0
        1.87666 2.93706e-10 0
        1.88486 7.8266e-09 0
        1.89145 -1.31012e-09 0
        1.88244 -7.56754e-09 0
        1.87714 2.22068e-09 0
        1.88656 7.18634e-09 0
        1.89069 -3.1165e-09 0
        1.88064 -6.92305e-09 0
         1.8777 4.03667e-09 0
        1.88834 6.47195e-09 0
        1.88994 -4.86264e-09 0
        1.87924 -5.76215e-09 0
        1.87899 5.47935e-09 0
        1.88952 5.02743e-09 0
        1.88846 -6.14329e-09 0
        1.87791 -4.36554e-09 0
        1.88033 6.7946e-09 0
        1.89078 3.51262e-09 0
          1.887 -7.19873e-09 0
        1.87722 -2.55282e-09 0
         1.8821 7.38483e-09 0
        1.89114 1.62534e-09 0
        1.88512 -7.6764e-09 0
        1.87668 -7.09195e-10 0
         1.8839 7.87389e-09 0
        1.89156 -3.11429e-10 0
        1.88338 -7.74866e-09 0
        1.87692 1.26547e-09 0
        1.88568 7.47583e-09 0
        1.89101 -2.19345e-09 0
        1.88151 -7.32515e-09 0
        1.87726 3.14479e-09 0
        1.88752 7.00036e-09 0
        1.89049 -4.04613e-09 0
        1.87996 -6.38974e-09 0
        1.87837 4.75629e-09 0
        1.88887 5.73065e-09 0
        1.88916 -5.49566e-09 0
        1.87849 -5.15978e-09 0
        1.87953 6.237e-09 0
        1.89031 4.39008e-09 0
        1.88785 -6.7657e-09 0
        1.87757 -3.46927e-09 0
        1.88122 7.06945e-09 0
        1.89088 2.572e-09 0
        1.88605 -7.46594e-09 0
        1.87683 -1.70148e-09 0
        1.88293 7.79127e-09 0
        1.89154 6.95885e-10 0
        1.88432 -7.80326e-09 0
        1.87681 2.85818e-10 0
        1.88477 7.6442e-09 0
        1.89123 -1.23355e-09 0
        1.88241 -7.60781e-09 0
        1.87693 2.19996e-09 0
        1.88665 7.41451e-09 0
        1.89095 -3.15991e-09 0
        1.88076 -6.91518e-09 0
        1.87784 3.95303e-09 0
        1.88814 6.34202e-09 0
        1.88979 -4.75786e-09 0
        1.87915 -5.86989e-09 0
        1.87882 5.57572e-09 0
        1.88972 5.19779e-09 0
        1.88864 -6.21956e-09 0
        1.87804 -4.333e-09 0
         1.8804 6.63772e-09 0
        1.89052 3.47834e-09 0
        1.88694 -7.13346e-09 0
        1.87708 -2.66665e-09 0
          1.882 7.58012e-09 0
        1.89141 1.69513e-09 0
        1.88525 -7.72995e-09 0
        1.87684 -7.02484e-10 0
        1.88384 7.68822e-09 0
        1.89133 -2.52532e-10 0
        1.88334 -7.76608e-09 0
        1.87673 1.21792e-09 0
        1.88572 7.70722e-09 0
        1.89128 -2.2184e-09 0
         1.8816 -7.32922e-09 0
        1.87742 3.08224e-09 0
        1.88736 6.85125e-09 0
        1.89031 -3.94188e-09 0
        1.87989 -6.4844e-09 0
        1.87817 4.82153e-09 0
        1.88905 5.92196e-09 0
        1.88937 -5.569e-09 0
         1.8786 -5.12936e-09 0
        1.87962 6.09629e-09 0
        1.89005 4.32931e-09 0
        1.88775 -6.68439e-09 0
        1.87744 -3.58893e-09 0
         1.8811 7.24337e-09 0
        1.89115 2.66944e-09 0
        1.88617 -7.52944e-09 0
        1.87697 -1.68296e-09 0
        1.88292 7.60728e-09 0
         1.8913 7.335e-10 0
        1.88426 -7.79759e-09 0
        1.87663 2.14897e-10 0
        1.88478 7.87345e-09 0
        1.89149 -1.23713e-09 0
        1.88251 -7.62468e-09 0
         1.8771 2.15805e-09 0
         1.8865 7.24984e-09 0
        1.89075 -3.06113e-09 0
        1.88068 -6.99301e-09 0
        1.87763 3.98694e-09 0
         1.8883 6.55033e-09 0
        1.89002 -4.82419e-09 0
        1.87926 -5.84501e-09 0
        1.87892 5.45359e-09 0
         1.8895 5.11118e-09 0
        1.88854 -6.126e-09 0
        1.87792 -4.45302e-09 0
        1.88025 6.78672e-09 0
        1.89078 3.60301e-09 0
        1.88708 -7.20444e-09 0
        1.87722 -2.64005e-09 0
        1.88202 7.40193e-09 0
        1.89116 1.7091e-09 0
         1.8852 -7.70187e-09 0
        1.87666 -7.92841e-10 0
        1.88382 7.91032e-09 0
        1.89161 -2.31861e-10 0
        1.88345 -7.79675e-09 0
        1.87687 1.19522e-09 0
        1.88562 7.53149e-09 0
        1.89108 -2.12977e-09 0
        1.88156 -7.38788e-09 0
        1.87719 3.08591e-09 0
        1.88747 7.07233e-09 0
        1.89056 -3.99737e-09 0
           1.88 -6.46767e-09 0
         1.8783 4.72002e-09 0
        1.88884 5.81115e-09 0
        1.88925 -5.46764e-09 0
        1.87851 -5.24462e-09 0
        1.87945 6.21766e-09 0
        1.89029 4.47961e-09 0
        1.88793 -6.75968e-09 0
        1.87758 -3.5576e-09 0
        1.88114 7.07545e-09 0
        1.89089 2.65785e-09 0
        1.88613 -7.48054e-09 0
         1.8768 -1.7881e-09 0
        1.88285 7.81676e-09 0
        1.89158 7.80416e-10 0
        1.88438 -7.84121e-09 0
        1.87678 2.09219e-10 0
         1.8847 7.69081e-09 0
        1.89127 -1.16301e-09 0
        1.88247 -7.66194e-09 0
        1.87688 2.13285e-09 0
        1.88659 7.47878e-09 0
          1.891 -3.10145e-09 0
         1.8808 -6.98698e-09 0
        1.87777 3.90654e-09 0
        1.88811 6.41774e-09 0
        1.88986 -4.71943e-09 0
        1.87918 -5.95114e-09 0
        1.87873 5.54505e-09 0
         1.8897 5.28494e-09 0
        1.88873 -6.20184e-09 0
        1.87805 -4.42091e-09 0
        1.88032 6.63241e-09 0
        1.89051 3.56494e-09 0
        1.88701 -7.13696e-09 0
        1.87706 -2.75521e-09 0
        1.88192 7.59403e-09 0
        1.89143 1.78329e-09 0
        1.88533 -7.7572e-09 0
         1.8768 -7.84276e-10 0
        1.88377 7.72521e-09 0
        1.89137 -1.75844e-10 0
         1.8834 -7.81105e-09 0
        1.87667 1.14362e-09 0
        1.88567 7.76278e-09 0
        1.89133 -2.15129e-09 0
        1.88166 -7.39403e-09 0
        1.87735 3.02636e-09 0
         1.8873 6.92131e-09 0
        1.89039 -3.89376e-09 0
        1.87992 -6.56064e-09 0
         1.8781 4.7802e-09 0
        1.88902 6.00557e-09 0
        1.88946 -5.53974e-09 0
        1.87862 -5.21547e-09 0
        1.87954 6.07976e-09 0
        1.89005 4.41538e-09 0
        1.88784 -6.67658e-09 0
        1.87744 -3.67791e-09 0
        1.88101 7.2457e-09 0
        1.89116 2.75998e-09 0
        1.88627 -7.54542e-09 0
        1.87695 -1.76885e-09 0
        1.88285 7.63387e-09 0
        1.89133 8.15058e-10 0
        1.88434 -7.83257e-09 0
        1.87658 1.34642e-10 0
        1.88472 7.9195e-09 0
        1.89155 -1.16236e-09 0
        1.88257 -7.68151e-09 0
        1.87703 2.09373e-09 0
        1.88645 7.31296e-09 0
        1.89081 -3.00415e-09 0
        1.88074 -7.06292e-09 0
        1.87755 3.93569e-09 0
        1.88825 6.6287e-09 0
         1.8901 -4.78407e-09 0
        1.87929 -5.92778e-09 0
        1.87884 5.42626e-09 0
        1.88948 5.19521e-09 0
        1.88862 -6.10727e-09 0
        1.87793 -4.54101e-09 0
        1.88017 6.77745e-09 0
        1.89077 3.69403e-09 0
        1.88717 -7.20876e-09 0
        1.87721 -2.72816e-09 0
        1.88193 7.41784e-09 0
        1.89117 1.79377e-09 0
        1.88528 -7.72624e-09 0
        1.87662 -8.77417e-10 0
        1.88373 7.94576e-09 0
        1.89165 -1.50899e-10 0
        1.88351 -7.84396e-09 0
        1.87682 1.12336e-09 0
        1.88556 7.58639e-09 0
        1.89113 -2.0647e-09 0
        1.88163 -7.4501e-09 0
        1.87712 3.02529e-09 0
        1.88743 7.14403e-09 0
        1.89062 -3.94674e-09 0
        1.88004 -6.54572e-09 0
        1.87823 4.68187e-09 0
        1.88882 5.89181e-09 0
        1.88933 -5.43807e-09 0
        1.87853 -5.33002e-09 0
        1.87937 6.19668e-09 0
        1.89028 4.56966e-09 0
        1.88802 -6.75213e-09 0
        1.87758 -3.64664e-09 0
        1.88105 7.08024e-09 0
         1.8909 2.74454e-09 0
         1.8862 -7.49392e-09 0
        1.87678 -1.8759e-09 0
        1.88278 7.84106e-09 0
         1.8916 8.6623e-10 0
        1.88446 -7.87819e-09 0
        1.87674 1.3112e-10 0
        1.88464 7.73673e-09 0
        1.89131 -1.09089e-09 0
        1.88253 -7.71544e-09 0
        1.87681 2.06427e-09 0
        1.88653 7.54243e-09 0
        1.89107 -3.04148e-09 0
        1.88086 -7.05887e-09 0
        1.87771 3.85854e-09 0
        1.88806 6.49374e-09 0
        1.88995 -4.67956e-09 0
        1.87921 -6.03241e-09 0
        1.87864 5.51294e-09 0
        1.88968 5.37266e-09 0
        1.88882 -6.18265e-09 0
        1.87806 -4.50946e-09 0
        1.88023 6.62596e-09 0
        1.89053 3.65231e-09 0
         1.8871 -7.13919e-09 0
        1.87707 -2.8447e-09 0
        1.88182 7.60688e-09 0
        1.89144 1.87273e-09 0
        1.88542 -7.78341e-09 0
        1.87677 -8.67332e-10 0
         1.8837 7.76148e-09 0
         1.8914 -9.81118e-11 0
        1.88348 -7.85528e-09 0
        1.87661 1.06811e-09 0
        1.88558 7.81777e-09 0
         1.8914 -2.08283e-09 0
        1.88173 -7.45863e-09 0
        1.87728 2.96926e-09 0
        1.88726 6.99109e-09 0
        1.89045 -3.84426e-09 0
        1.87997 -6.63648e-09 0
        1.87802 4.73746e-09 0
        1.88898 6.08895e-09 0
        1.88954 -5.50921e-09 0
        1.87864 -5.30173e-09 0
        1.87947 6.06208e-09 0
        1.89005 4.50184e-09 0
        1.88792 -6.66768e-09 0
        1.87745 -3.76745e-09 0
        1.88094 7.24668e-09 0
        1.89117 2.85114e-09 0
        1.88636 -7.55999e-09 0
        1.87693 -1.85547e-09 0
        1.88277 7.65947e-09 0
        1.89135 8.97475e-10 0
        1.88443 -7.86651e-09 0
        1.87654 5.32538e-11 0
        1.88464 7.96427e-09 0
         1.8916 -1.08624e-09 0
        1.88264 -7.73716e-09 0
        1.87698 2.02783e-09 0
         1.8864 7.37535e-09 0
        1.89088 -2.94547e-09 0
         1.8808 -7.13215e-09 0
         1.8775 3.88269e-09 0
        1.88822 6.7066e-09 0
        1.89017 -4.74228e-09 0
        1.87932 -6.01044e-09 0
        1.87876 5.3972e-09 0
        1.88946 5.2794e-09 0
         1.8887 -6.08688e-09 0
        1.87796 -4.62903e-09 0
        1.88007 6.76625e-09 0
        1.89077 3.78548e-09 0
        1.88726 -7.21125e-09 0
         1.8772 -2.81718e-09 0
        1.88185 7.43219e-09 0
         1.8912 1.87958e-09 0
        1.88536 -7.74916e-09 0
        1.87659 -9.6324e-10 0
        1.88365 7.97962e-09 0
        1.89167 -6.85792e-11 0
        1.88358 -7.88988e-09 0
        1.87677 1.04997e-09 0
        1.88549 7.64027e-09 0
        1.89117 -1.99793e-09 0
        1.88168 -7.51131e-09 0
        1.87707 2.96303e-09 0
        1.88736 7.21491e-09 0
         1.8907 -3.89434e-09 0
        1.88007 -6.62324e-09 0
        1.87816 4.6419e-09 0
        1.88878 5.9723e-09 0
        1.88939 -5.40635e-09 0
        1.87855 -5.4152e-09 0
        1.87928 6.17361e-09 0
        1.89026 4.6599e-09 0
         1.8881 -6.7425e-09 0
        1.87758 -3.73637e-09 0
        1.88097 7.08296e-09 0
        1.89091 2.83215e-09 0
         1.8863 -7.50542e-09 0
        1.87676 -1.96469e-09 0
        1.88268 7.86347e-09 0
        1.89163 9.53337e-10 0
        1.88455 -7.91341e-09 0
         1.8767 5.15122e-11 0
        1.88457 7.78122e-09 0
        1.89137 -1.01718e-09 0
         1.8826 -7.76773e-09 0
        1.87677 1.99378e-09 0
        1.88646 7.60524e-09 0
        1.89113 -2.97939e-09 0
         1.8809 -7.13001e-09 0
        1.87763 3.80839e-09 0
        1.88803 6.56913e-09 0
        1.89002 -4.6376e-09 0
        1.87924 -6.11349e-09 0
        1.87857 5.4785e-09 0
        1.88966 5.46011e-09 0
         1.8889 -6.16124e-09 0
        1.87808 -4.5982e-09 0
        1.88015 6.61724e-09 0
        1.89052 3.7402e-09 0
        1.88718 -7.13935e-09 0
        1.87706 -2.93482e-09 0
        1.88175 7.6176e-09 0
        1.89147 1.96301e-09 0
         1.8855 -7.80753e-09 0
        1.87675 -9.51773e-10 0
        1.88362 7.79589e-09 0
        1.89144 -1.88071e-11 0
        1.88355 -7.89787e-09 0
        1.87657 9.90871e-10 0
        1.88552 7.87122e-09 0
        1.89145 -2.0123e-09 0
        1.88178 -7.52187e-09 0
        1.87723 2.90975e-09 0
         1.8872 7.06009e-09 0
        1.89054 -3.79262e-09 0
        1.88001 -6.71181e-09 0
        1.87795 4.69247e-09 0
        1.88895 6.17214e-09 0
        1.88961 -5.47616e-09 0
        1.87868 -5.38825e-09 0
        1.87938 6.04199e-09 0
        1.89003 4.58869e-09 0
        1.88801 -6.65626e-09 0
        1.87745 -3.85743e-09 0
        1.88084 7.24541e-09 0
        1.89117 2.94312e-09 0
        1.88643 -7.57244e-09 0
        1.87691 -1.94329e-09 0
        1.88268 7.68321e-09 0
        1.89139 9.81096e-10 0
         1.8845 -7.8988e-09 0
        1.87651 -2.93561e-11 0
        1.88455 8.00767e-09 0
        1.89164 -1.00865e-09 0
        1.88271 -7.79188e-09 0
        1.87692 1.96041e-09 0
        1.88633 7.43704e-09 0
        1.89094 -2.88529e-09 0
        1.88085 -7.20057e-09 0
        1.87742 3.82792e-09 0
        1.88816 6.784e-09 0
        1.89024 -4.69848e-09 0
        1.87936 -6.09305e-09 0
        1.87869 5.36629e-09 0
        1.88944 5.36383e-09 0
        1.88879 -6.06467e-09 0
        1.87797 -4.71754e-09 0
        1.87999 6.75353e-09 0
        1.89076 3.87768e-09 0
        1.88734 -7.21212e-09 0
         1.8772 -2.90695e-09 0
        1.88177 7.44508e-09 0
        1.89121 1.96624e-09 0
        1.88546 -7.77096e-09 0
        1.87657 -1.05012e-09 0
        1.88358 8.01241e-09 0
        1.89171 1.50115e-11 0
        1.88367 -7.93486e-09 0
        1.87673 9.75335e-10 0
        1.88542 7.69355e-09 0
        1.89123 -1.92985e-09 0
        1.88174 -7.57209e-09 0
          1.877 2.89928e-09 0
         1.8873 7.28534e-09 0
        1.89076 -3.84031e-09 0
        1.88012 -6.70089e-09 0
        1.87807 4.60039e-09 0
        1.88875 6.05299e-09 0
        1.88947 -5.37331e-09 0
        1.87858 -5.50091e-09 0
         1.8792 6.14909e-09 0
        1.89024 4.75086e-09 0
        1.88819 -6.73161e-09 0
        1.87759 -3.82693e-09 0
        1.88089 7.08454e-09 0
        1.89092 2.92074e-09 0
        1.88638 -7.51587e-09 0
        1.87675 -2.05459e-09 0
         1.8826 7.88488e-09 0
        1.89166 1.04186e-09 0
        1.88463 -7.94811e-09 0
        1.87667 -2.95902e-11 0
        1.88449 7.82522e-09 0
         1.8914 -9.41973e-10 0
        1.88267 -7.81964e-09 0
        1.87673 1.92184e-09 0
        1.88639 7.66742e-09 0
         1.8912 -2.91564e-09 0
        1.88096 -7.20091e-09 0
        1.87757 3.75663e-09 0
        1.88799 6.6444e-09 0
        1.89008 -4.59394e-09 0
        1.87927 -6.19443e-09 0
        1.87849 5.44249e-09 0
        1.88963 5.54792e-09 0
        1.88897 -6.13799e-09 0
        1.87809 -4.68758e-09 0
        1.88006 6.60686e-09 0
        1.89052 3.82887e-09 0
        1.88726 -7.13798e-09 0
        1.87705 -3.02571e-09 0
        1.88166 7.6267e-09 0
        1.89148 2.05434e-09 0
        1.88558 -7.83016e-09 0
        1.87672 -1.03744e-09 0
        1.88355 7.82917e-09 0
        1.89147 6.19794e-11 0
        1.88362 -7.93944e-09 0
        1.87653 9.12093e-10 0
        1.88545 7.92375e-09 0
         1.8915 -1.94004e-09 0
        1.88184 -7.58471e-09 0
        1.87716 2.84859e-09 0
        1.88716 7.12881e-09 0
         1.8906 -3.73917e-09 0
        1.88007 -6.78693e-09 0
        1.87788 4.64539e-09 0
        1.88891 6.25531e-09 0
        1.88969 -5.44115e-09 0
        1.87869 -5.47499e-09 0
         1.8793 6.02013e-09 0
        1.89001 4.67611e-09 0
        1.88809 -6.64338e-09 0
        1.87748 -3.94813e-09 0
        1.88075 7.24249e-09 0
        1.89118 3.03621e-09 0
        1.88652 -7.58338e-09 0
        1.87689 -2.03234e-09 0
         1.8826 7.70573e-09 0
        1.89141 1.06613e-09 0
        1.88459 -7.92983e-09 0
        1.87647 -1.13533e-10 0
        1.88448 8.04993e-09 0
        1.89169 -9.29263e-10 0
        1.88278 -7.84535e-09 0
        1.87687 1.89087e-09 0
        1.88627 7.49775e-09 0
        1.89099 -2.82287e-09 0
        1.88089 -7.2685e-09 0
        1.87735 3.77096e-09 0
        1.88811 6.86098e-09 0
        1.89032 -4.65236e-09 0
        1.87939 -6.17549e-09 0
        1.87861 5.33308e-09 0
        1.88941 5.44825e-09 0
        1.88887 -6.04017e-09 0
        1.87799 -4.80631e-09 0
         1.8799 6.73838e-09 0
        1.89075 3.97038e-09 0
        1.88743 -7.21089e-09 0
        1.87718 -2.99769e-09 0
        1.88169 7.45602e-09 0
        1.89124 2.05414e-09 0
        1.88553 -7.79052e-09 0
        1.87654 -1.13835e-09 0
        1.88349 8.04332e-09 0
        1.89175 1.00219e-10 0
        1.88374 -7.97824e-09 0
        1.87669 8.98749e-10 0
        1.88536 7.74546e-09 0
        1.89129 -1.85989e-09 0
         1.8818 -7.63162e-09 0
        1.87695 2.83355e-09 0
        1.88724 7.3549e-09 0
        1.89084 -3.78399e-09 0
        1.88017 -6.77762e-09 0
          1.878 4.55668e-09 0
        1.88871 6.1331e-09 0
        1.88956 -5.33813e-09 0
         1.8786 -5.58614e-09 0
        1.87913 6.12234e-09 0
        1.89022 4.84164e-09 0
        1.88828 -6.71795e-09 0
         1.8776 -3.91761e-09 0
        1.88081 7.08377e-09 0
        1.89094 3.00979e-09 0
        1.88647 -7.52406e-09 0
        1.87674 -2.14499e-09 0
        1.88252 7.90387e-09 0
        1.89168 1.13125e-09 0
        1.88471 -7.98036e-09 0
        1.87663 -1.11868e-10 0
        1.88441 7.86738e-09 0
        1.89146 -8.65451e-10 0
        1.88274 -7.87012e-09 0
        1.87666 1.84837e-09 0
        1.88633 7.72845e-09 0
        1.89125 -2.8502e-09 0
        1.88102 -7.27082e-09 0
         1.8775 3.70289e-09 0
        1.88793 6.71935e-09 0
        1.89016 -4.54841e-09 0
        1.87932 -6.2751e-09 0
        1.87841 5.40446e-09 0
        1.88958 5.63541e-09 0
        1.88908 -6.11267e-09 0
         1.8781 -4.77724e-09 0
        1.87998 6.59463e-09 0
         1.8905 3.91804e-09 0
        1.88735 -7.13463e-09 0
        1.87705 -3.11747e-09 0
        1.88157 7.63409e-09 0
        1.89149 2.14679e-09 0
        1.88568 -7.85145e-09 0
         1.8767 -1.12443e-09 0
        1.88346 7.86128e-09 0
        1.89151 1.44037e-10 0
         1.8837 -7.97993e-09 0
         1.8765 8.31964e-10 0
        1.88538 7.97521e-09 0
        1.89156 -1.86632e-09 0
         1.8819 -7.64654e-09 0
        1.87709 2.78586e-09 0
         1.8871 7.19684e-09 0
        1.89066 -3.68416e-09 0
        1.88012 -6.86145e-09 0
         1.8778 4.59672e-09 0
        1.88887 6.33807e-09 0
        1.88978 -5.40439e-09 0
        1.87873 -5.5618e-09 0
        1.87921 5.99639e-09 0
           1.89 4.76373e-09 0
        1.88818 -6.62867e-09 0
        1.87747 -4.03928e-09 0
        1.88067 7.23772e-09 0
        1.89117 3.12967e-09 0
        1.88661 -7.59261e-09 0
        1.87687 -2.12231e-09 0
        1.88252 7.7265e-09 0
        1.89144 1.15229e-09 0
        1.88466 -7.95944e-09 0
        1.87643 -1.98948e-10 0
        1.88439 8.09071e-09 0
        1.89172 -8.48438e-10 0
        1.88285 -7.89792e-09 0
        1.87681 1.8199e-09 0
         1.8862 7.55795e-09 0
        1.89105 -2.75906e-09 0
        1.88097 -7.33593e-09 0
        1.87728 3.71255e-09 0
        1.88806 6.93756e-09 0
         1.8904 -4.60462e-09 0
        1.87943 -6.25801e-09 0
        1.87853 5.29818e-09 0
        1.88937 5.53289e-09 0
        1.88894 -6.01417e-09 0
        1.87801 -4.89532e-09 0
        1.87981 6.72161e-09 0
        1.89074 4.06355e-09 0
        1.88752 -7.20791e-09 0
        1.87718 -3.08914e-09 0
        1.88161 7.46539e-09 0
        1.89124 2.14282e-09 0
        1.88562 -7.80908e-09 0
        1.87652 -1.22746e-09 0
         1.8834 8.07291e-09 0
        1.89177 1.86684e-10 0
        1.88381 -8.02058e-09 0
        1.87665 8.2079e-10 0
        1.88529 7.79671e-09 0
        1.89133 -1.78836e-09 0
        1.88188 -7.69047e-09 0
        1.87689 2.76623e-09 0
        1.88718 7.42399e-09 0
        1.89091 -3.72605e-09 0
        1.88023 -6.85427e-09 0
        1.87793 4.51111e-09 0
        1.88868 6.21335e-09 0
        1.88963 -5.30124e-09 0
        1.87864 -5.67168e-09 0
        1.87902 6.09375e-09 0
         1.8902 4.93293e-09 0
        1.88837 -6.70302e-09 0
        1.87759 -4.00929e-09 0
        1.88072 7.08158e-09 0
        1.89093 3.09977e-09 0
        1.88655 -7.53109e-09 0
        1.87672 -2.23645e-09 0
        1.88244 7.92181e-09 0
         1.8917 1.22174e-09 0
        1.88479 -8.01175e-09 0
        1.87659 -1.95412e-10 0
        1.88433 7.90849e-09 0
        1.89149 -7.87541e-10 0
        1.88281 -7.91942e-09 0
         1.8766 1.77343e-09 0
        1.88626 7.78857e-09 0
        1.89132 -2.78297e-09 0
        1.88108 -7.34022e-09 0
        1.87745 3.64745e-09 0
        1.88788 6.79361e-09 0
        1.89023 -4.50123e-09 0
        1.87938 -6.35559e-09 0
        1.87832 5.36474e-09 0
        1.88955 5.72304e-09 0
        1.88916 -6.08559e-09 0
        1.87814 -4.8671e-09 0
         1.8799 6.58066e-09 0
        1.89051 4.00758e-09 0
        1.88743 -7.1298e-09 0
        1.87704 -3.20957e-09 0
        1.88147 7.63975e-09 0
        1.89151 2.23981e-09 0
        1.88576 -7.87103e-09 0
        1.87666 -1.21235e-09 0
        1.88338 7.89169e-09 0
        1.89153 2.27258e-10 0
        1.88377 -8.01911e-09 0
        1.87645 7.50464e-10 0
         1.8853 8.0255e-09 0
        1.89161 -1.79099e-09 0
        1.88197 -7.70751e-09 0
        1.87705 2.72141e-09 0
        1.88704 7.26425e-09 0
        1.89072 -3.62747e-09 0
        1.88016 -6.93558e-09 0
        1.87772 4.54643e-09 0
        1.88882 6.42051e-09 0
        1.88986 -5.36588e-09 0
        1.87876 -5.64836e-09 0
        1.87915 5.97098e-09 0
        1.88998 4.85142e-09 0
        1.88827 -6.61231e-09 0
        1.87748 -4.13043e-09 0
        1.88058 7.23129e-09 0
        1.89117 3.22355e-09 0
         1.8867 -7.60004e-09 0
        1.87686 -2.2129e-09 0
        1.88243 7.74566e-09 0
        1.89146 1.23916e-09 0
        1.88475 -7.98752e-09 0
        1.87641 -2.85321e-10 0
        1.88431 8.12996e-09 0
        1.89178 -7.66384e-10 0
        1.88292 -7.94907e-09 0
        1.87676 1.74745e-09 0
        1.88614 7.61692e-09 0
        1.89112 -2.69382e-09 0
        1.88101 -7.40221e-09 0
        1.87722 3.65238e-09 0
          1.888 7.01341e-09 0
        1.89048 -4.55502e-09 0
        1.87947 -6.3398e-09 0
        1.87845 5.26157e-09 0
        1.88935 5.61726e-09 0
        1.88904 -5.98641e-09 0
        1.87802 -4.98417e-09 0
        1.87972 6.70296e-09 0
        1.89073 4.15683e-09 0
        1.88761 -7.20306e-09 0
        1.87718 -3.18107e-09 0
        1.88151 7.47303e-09 0
        1.89126 2.23217e-09 0
         1.8857 -7.82563e-09 0
         1.8765 -1.31736e-09 0
        1.88332 8.10081e-09 0
        1.89181 2.74043e-10 0
         1.8839 -8.06138e-09 0
         1.8766 7.41519e-10 0
        1.88522 7.84647e-09 0
        1.89138 -1.71553e-09 0
        1.88194 -7.74802e-09 0
        1.87683 2.69732e-09 0
        1.88713 7.49181e-09 0
        1.89098 -3.66636e-09 0
        1.88027 -6.92994e-09 0
        1.87786 4.46383e-09 0
        1.88863 6.29295e-09 0
        1.88971 -5.26252e-09 0
        1.87868 -5.75679e-09 0
        1.87894 6.0634e-09 0
        1.89017 5.02411e-09 0
        1.88844 -6.68598e-09 0
        1.87761 -4.10094e-09 0
        1.88063 7.0776e-09 0
        1.89093 3.19019e-09 0
        1.88664 -7.53626e-09 0
        1.87672 -2.32859e-09 0
        1.88234 7.93803e-09 0
        1.89173 1.31325e-09 0
        1.88488 -8.04144e-09 0
        1.87655 -2.80251e-10 0
        1.88426 7.94846e-09 0
        1.89154 -7.0834e-10 0
        1.88288 -7.96755e-09 0
        1.87655 1.69697e-09 0
        1.88619 7.84763e-09 0
        1.89139 -2.71423e-09 0
        1.88113 -7.40881e-09 0
        1.87735 3.59043e-09 0
        1.88783 6.86753e-09 0
        1.89031 -4.45237e-09 0
        1.87942 -6.43552e-09 0
        1.87826 5.32309e-09 0
        1.88952 5.81036e-09 0
        1.88925 -6.05667e-09 0
        1.87816 -4.95711e-09 0
        1.87981 6.56507e-09 0
         1.8905 4.09745e-09 0
        1.88752 -7.12341e-09 0
        1.87703 -3.30212e-09 0
         1.8814 7.64385e-09 0
        1.89152 2.33362e-09 0
        1.88584 -7.88894e-09 0
        1.87665 -1.30123e-09 0
        1.88329 7.92097e-09 0
        1.89158 3.11508e-10 0
        1.88386 -8.05701e-09 0
-0.00337819  0.0037862  0  0  -0.354483  0
486 sec
