   8.365676e-07   1.479445e-09
   4.597006e-07   4.151313e-11
   3.468224e-07   2.257558e-10
   2.567642e-07   1.557453e-10
   6.994143e-07   8.398580e-11
   4.453106e-08   2.075105e-12
   3.134088e-07   2.333018e-10
   4.724801e-07   1.290524e-10
   2.190215e-08   9.736983e-12
   5.647086e-07   2.717682e-11
   2.687661e-07   3.214503e-11
   8.357659e-08   4.606187e-12
   8.081370e-07   1.726945e-10
   2.789763e-07   4.097742e-11
   3.859244e-07   1.078173e-10
   3.579771e-07   8.144966e-11
   1.405312e-07   4.941820e-11
   3.236352e-07   2.184033e-10
   1.082315e-07   3.006367e-11
   7.112994e-07   4.424321e-10
   3.450851e-07   1.317231e-10
   2.091777e-07   1.165744e-10
   9.161269e-07   5.064517e-11
   1.264528e-07   1.461529e-11
   4.327967e-07   2.218319e-11
   7.626226e-07   2.405832e-10
   1.056743e-06   4.063416e-10
   8.643109e-08   2.979814e-11
   1.104919e-07   1.913054e-11
   2.983411e-07   7.408792e-11
   6.761066e-08   1.043023e-11
   5.204455e-07   8.342506e-12
   1.004590e-06   1.362427e-10
   2.090459e-07   5.228676e-11
   3.836224e-07   1.340980e-11
   5.706075e-08   1.794456e-12
   6.458587e-07   3.476769e-10
   7.416826e-07   2.189742e-10
   1.073698e-07   3.303794e-12
   6.357968e-07   4.207847e-10
   1.252934e-07   4.216729e-11
   2.940608e-07   4.397875e-11
   2.486461e-07   4.503393e-11
   2.557960e-07   2.909323e-13
   1.419501e-07   7.686191e-12
   1.977101e-06   6.763609e-10
   8.021499e-07   2.782456e-10
   3.280290e-07   2.180856e-10
   1.467451e-07   4.762640e-11
   5.120555e-07   4.606480e-10
   1.628872e-07   2.992236e-11
   2.396480e-07   7.514197e-11
   3.945029e-07   7.687454e-11
   3.608696e-07   2.584379e-11
   1.757220e-07   2.831935e-11
   4.055451e-07   2.335616e-10
   7.372461e-08   1.278843e-11
   1.335105e-06   1.506879e-09
   8.050238e-07   8.116515e-10
   1.052963e-06   3.325894e-10
   6.781565e-08   2.069231e-11
   1.204979e-06   5.768321e-10
   7.102144e-07   2.974169e-10
   8.271819e-07   1.500786e-10
   6.856213e-07   3.153260e-10
   5.331563e-07   7.919147e-11
   8.181752e-07   3.653942e-10
   4.086617e-07   1.000129e-10
   3.106435e-07   1.189623e-10
   1.757259e-07   6.323925e-11
   1.025701e-07   1.401331e-11
   2.913129e-07   8.548273e-11
   4.161376e-07   1.643659e-10
   2.473054e-07   1.654523e-10
   3.687633e-07   1.145484e-10
   4.453886e-07   2.664545e-11
   7.699377e-07   5.740424e-12
   1.227308e-06   2.109551e-10
   1.394877e-08   5.845978e-12
   9.368540e-07   3.601530e-10
   2.929065e-07   5.279961e-12
   3.724519e-07   4.886749e-11
   5.686408e-07   4.008659e-10
   9.545369e-07   1.026501e-10
   2.346873e-08   8.955051e-12
   7.892742e-09   3.684512e-12
   8.261475e-07   2.851735e-11
   2.287218e-07   9.871105e-11
   1.045916e-06   1.895115e-10
   5.252123e-08   7.331429e-12
   3.787278e-07   4.388008e-10
   7.030836e-07   9.013760e-11
   1.730773e-06   1.475536e-09
   5.686115e-07   5.861190e-10
   8.662953e-07   9.072099e-11
   1.322051e-07   7.103002e-12
   2.753148e-07   2.553601e-10
   4.614358e-07   2.198147e-11
   7.949363e-08   3.185292e-11
   7.058575e-07   5.356877e-10
   3.009956e-07   1.469561e-10
   1.085187e-06   3.424106e-10
   7.096781e-07   5.307989e-10
   6.888103e-08   7.840166e-12
   5.060036e-08   2.533090e-11
   4.643163e-07   2.265294e-11
   1.352872e-06   2.225067e-10
   6.910070e-07   2.900515e-10
   3.481766e-07   2.303650e-10
   2.500646e-06   4.838524e-10
   4.358871e-07   5.992980e-11
   1.265442e-06   9.342999e-10
   2.909282e-07   2.303056e-10
   9.628034e-07   4.660267e-10
   4.198124e-07   7.114533e-11
   3.477031e-07   1.750798e-10
   7.567463e-07   1.551935e-11
   3.890897e-07   4.387129e-11
   5.268581e-07   1.151392e-10
   6.787218e-07   1.405992e-10
   2.034333e-07   7.329387e-11
   1.497310e-07   3.709666e-11
   3.187542e-07   2.568027e-10
   1.420660e-07   2.295126e-11
   3.466322e-07   1.576185e-10
   1.818125e-06   2.943669e-10
   5.626698e-07   2.660314e-10
   5.290622e-07   7.383341e-11
   5.674609e-08   3.965908e-11
   1.364271e-06   1.579799e-09
   2.637871e-07   5.417287e-11
   7.192882e-07   2.151772e-10
   2.436284e-07   2.180255e-10
   9.746007e-08   1.497636e-11
   2.072067e-07   6.853006e-11
   3.119985e-07   2.618929e-10
   6.382606e-07   5.531344e-10
   6.697779e-07   9.572391e-11
   2.058330e-07   5.498916e-11
   9.723116e-08   1.491220e-11
   1.906222e-07   1.106566e-11
   3.434076e-08   5.351601e-12
   8.054892e-07   1.173999e-11
   5.806521e-07   1.911016e-10
   6.065953e-08   2.060527e-11
   2.754319e-07   1.456920e-10
   2.523587e-07   2.784859e-11
   9.362707e-07   7.792271e-10
   8.407954e-09   2.717915e-12
   5.690582e-07   4.270406e-11
   5.127925e-07   1.547229e-11
   2.822683e-07   1.264556e-10
   2.095240e-07   6.535501e-11
   2.402094e-07   1.505409e-10
   4.211165e-07   1.884772e-10
   6.387794e-07   1.953524e-10
   3.061737e-07   3.165394e-13
   5.792494e-07   1.973599e-10
   3.695781e-07   3.091871e-10
   1.391393e-06   6.735387e-10
   5.882379e-07   1.310793e-10
   4.931968e-07   2.060972e-10
   1.682620e-07   5.463404e-11
   2.568640e-07   1.907085e-10
   5.656619e-07   7.914337e-11
   2.792233e-07   1.662015e-12
   1.885890e-07   3.183325e-11
   7.850552e-07   6.410480e-10
   3.303919e-07   9.368309e-11
   3.776036e-07   3.797227e-10
   1.063821e-06   4.146946e-10
   1.042586e-07   3.858595e-11
   7.811442e-07   1.171946e-10
   7.098581e-07   5.684724e-10
   5.854216e-07   6.156811e-11
   4.222591e-07   1.125168e-10
   2.279759e-07   2.038388e-10
   5.588217e-07   2.142085e-10
   2.850121e-08   1.004766e-11
   4.436636e-07   2.209139e-10
   3.741894e-07   1.760647e-10
   1.498742e-08   7.209209e-12
   8.702760e-07   8.256675e-11
   2.116038e-07   1.828110e-10
   1.048967e-06   1.049679e-09
   1.070053e-06   2.492225e-10
   3.849252e-07   3.735937e-10
   4.845568e-07   3.421229e-10
   4.839559e-07   4.638737e-11
   8.547811e-09   3.482783e-12
   4.251643e-08   1.490497e-11
   2.518571e-07   8.971236e-11
   5.840929e-08   6.259020e-12
   7.064764e-07   3.600674e-10
   6.507940e-07   2.292548e-10
   6.116621e-07   1.268893e-10
   8.872937e-08   1.858917e-11
   3.650098e-07   8.400194e-12
   8.478136e-07   1.389102e-10
   1.577759e-07   2.589318e-11
