              0  2058           0.05   476
          0.003  1826           0.15  1331
          0.006  1698           0.25  1984
          0.009  1569           0.35  2471
          0.012  1501           0.45  2976
          0.015  1471           0.55  3150
          0.018  1433           0.65  3349
          0.021  1308           0.75  3545
          0.024  1354           0.85  3662
          0.027  1388           0.95  3740
           0.03  1327           1.05  3603
          0.033  1258           1.15  3705
          0.036  1302           1.25  3588
          0.039  1262           1.35  3528
          0.042  1279           1.45  3352
          0.045  1267           1.55  3244
          0.048  1164           1.65  3215
          0.051  1175           1.75  3067
          0.054  1191           1.85  2892
          0.057  1157           1.95  2727
           0.06  1213           2.05  2599
          0.063  1155           2.15  2540
          0.066  1107           2.25  2263
          0.069  1098           2.35  2275
          0.072  1204           2.45  2132
          0.075  1188           2.55  1947
          0.078  1063           2.65  1851
          0.081  1135           2.75  1814
          0.084  1087           2.85  1615
          0.087  1137           2.95  1511
           0.09  1077           3.05  1493
          0.093  1055           3.15  1278
          0.096  1132           3.25  1216
          0.099  1067           3.35  1112
          0.102  1133           3.45  1096
          0.105  1025           3.55   989
          0.108  1050           3.65   945
          0.111  1075           3.75   846
          0.114  1080           3.85   764
          0.117  1075           3.95   780
           0.12  1002           4.05   687
          0.123  1080           4.15   641
          0.126  1066           4.25   611
          0.129  1049           4.35   554
          0.132  1031           4.45   495
          0.135  1009           4.55   468
          0.138   982           4.65   434
          0.141   999           4.75   405
          0.144   947           4.85   389
          0.147  1038           4.95   357
           0.15  1066           5.05   328
          0.153   971           5.15   285
          0.156  1002           5.25   303
          0.159  1000           5.35   229
          0.162   972           5.45   246
          0.165  1003           5.55   226
          0.168   987           5.65   203
          0.171   981           5.75   168
          0.174   990           5.85   141
          0.177  1003           5.95   155
           0.18   970           6.05   153
          0.183   974           6.15   153
          0.186  1029           6.25   131
          0.189   946           6.35   133
          0.192   958           6.45   100
          0.195   969           6.55   102
          0.198   954           6.65    94
          0.201   999           6.75    87
          0.204  1012           6.85    89
          0.207   995           6.95    77
           0.21   928           7.05    64
          0.213   967           7.15    58
          0.216   996           7.25    51
          0.219  1006           7.35    57
          0.222   936           7.45    56
          0.225   983           7.55    36
          0.228  1001           7.65    48
          0.231   986           7.75    45
          0.234  1001           7.85    37
          0.237   935           7.95    42
           0.24   910           8.05    31
          0.243   957           8.15    25
          0.246   994           8.25    20
          0.249   954           8.35    27
          0.252   936           8.45    21
          0.255   926           8.55    19
          0.258   923           8.65    21
          0.261   913           8.75    21
          0.264   970           8.85    17
          0.267   946           8.95    17
           0.27   704           9.05    10
          0.273     0           9.15    12
          0.276     0           9.25    14
          0.279     0           9.35     8
          0.282     0           9.45     6
          0.285     0           9.55     9
          0.288     0           9.65    20
          0.291     0           9.75     6
          0.294     0           9.85    10
          0.297     0           9.95     4
