           0.05    10           0.05     0
           0.15    11           0.15     0
           0.25     9           0.25     0
           0.35     6           0.35     0
           0.45     4           0.45     0
           0.55     9           0.55     0
           0.65     7           0.65     0
           0.75     8           0.75     0
           0.85    10           0.85     0
           0.95     4           0.95     0
           1.05     7           1.05     0
           1.15     6           1.15     0
           1.25     5           1.25     0
           1.35     6           1.35     0
           1.45     8           1.45     0
           1.55     7           1.55     0
           1.65     4           1.65     0
           1.75     5           1.75     0
           1.85    10           1.85     0
           1.95     1           1.95     0
           2.05     2           2.05     0
           2.15     5           2.15     0
           2.25     4           2.25     0
           2.35     0           2.35     0
           2.45     2           2.45     0
           2.55     2           2.55     0
           2.65     3           2.65     0
           2.75     0           2.75     0
           2.85     3           2.85     0
           2.95     1           2.95     0
           3.05     1           3.05     0
           3.15     3           3.15     0
           3.25     2           3.25     0
           3.35     3           3.35     0
           3.45     2           3.45     0
           3.55     2           3.55     0
           3.65     0           3.65     0
           3.75     1           3.75     0
           3.85     0           3.85     0
           3.95     0           3.95     0
           4.05     2           4.05     0
           4.15     0           4.15     0
           4.25     1           4.25     0
           4.35     1           4.35     0
           4.45     1           4.45     0
           4.55     0           4.55     0
           4.65     1           4.65     0
           4.75     1           4.75     0
           4.85     0           4.85     0
           4.95     2           4.95     0
           5.05     0           5.05     0
           5.15     0           5.15     0
           5.25     1           5.25     0
           5.35     2           5.35     0
           5.45     1           5.45     0
           5.55     0           5.55     0
           5.65     0           5.65     0
           5.75     1           5.75     0
           5.85     0           5.85     0
           5.95     0           5.95     0
           6.05     0           6.05     0
           6.15     1           6.15     0
           6.25     0           6.25     0
           6.35     0           6.35     0
           6.45     0           6.45     0
           6.55     2           6.55     0
           6.65     3           6.65     0
           6.75     0           6.75     0
           6.85     0           6.85     0
           6.95     0           6.95     0
           7.05     2           7.05     0
           7.15     0           7.15     0
           7.25     0           7.25     0
           7.35     1           7.35     0
           7.45     0           7.45     0
           7.55     0           7.55     0
           7.65     0           7.65     0
           7.75     1           7.75     0
           7.85     1           7.85     0
           7.95     0           7.95     0
           8.05     0           8.05     0
           8.15     0           8.15     0
           8.25     0           8.25     0
           8.35     0           8.35     0
           8.45     0           8.45     0
           8.55     0           8.55     0
           8.65     0           8.65     0
           8.75     0           8.75     0
           8.85     0           8.85     0
           8.95     0           8.95     0
           9.05     0           9.05     0
           9.15     0           9.15     0
           9.25     0           9.25     0
           9.35     0           9.35     0
           9.45     0           9.45     0
           9.55     0           9.55     0
           9.65     0           9.65     0
           9.75     0           9.75     0
           9.85     0           9.85     0
           9.95     0           9.95     0
